#
#date       cti     errer
#
2000.04 	1.937	1.225
2000.123	1.154	0.081
2000.207	1.272	0.146
2000.29 	1.238	0.122
2000.373	1.259	0.102
2000.457	1.238	0.105
2000.54 	1.254	0.098
2000.623	1.154	0.102
2000.707	1.262	0.1
2000.79 	1.271	0.1
2000.873	1.275	0.096
2000.957	1.265	0.102
2001.04 	1.228	0.104
2001.04 	1.228	0.104
2001.123	1.248	0.106
2001.207	1.235	0.102
2001.29 	1.275	0.101
2001.373	1.408	0.294
2001.457	1.28	0.104
2001.54 	1.31	0.097
2001.623	1.266	0.112
2001.707	1.28	0.108
2001.79 	1.314	0.095
2001.873	1.274	0.105
2001.957	1.321	0.091
2002.04 	1.307	0.102
2002.04 	1.307	0.102
2002.123	1.302	0.098
2002.207	1.273	0.106
2002.29 	1.259	0.102
2002.373	1.428	0.379
2002.457	1.26	0.106
2002.54 	1.313	0.105
2002.623	1.239	0.099
2002.707	1.279	0.106
2002.79 	1.267	0.101
2002.873	1.288	0.105
2002.957	1.246	0.09
2003.04 	1.251	0.094
2003.04 	1.251	0.094
2003.123	1.286	0.102
2003.207	1.256	0.099
2003.29 	1.272	0.098
2003.373	1.298	0.105
2003.457	1.314	0.102
2003.54 	1.289	0.103
2003.623	1.283	0.102
2003.707	1.265	0.094
2003.79 	1.298	0.103
2003.873	1.292	0.098
2003.957	1.328	0.097
2004.04 	1.306	0.098
2004.04 	1.306	0.098
2004.207	1.262	0.081
2004.29 	1.296	0.095
2004.373	1.344	0.098
2004.457	1.328	0.098
2004.54 	1.305	0.101
2004.623	1.287	0.09
2004.707	1.307	0.096
2004.79 	1.329	0.103
2004.873	1.296	0.088
2004.957	1.284	0.079
2005.04 	1.271	0.065
2005.04 	1.271	0.065
2005.123	1.265	0.058
2005.207	1.269	0.064
2005.29 	1.322	0.106
2005.373	1.287	0.084
2005.457	1.305	0.093
2005.54 	1.304	0.09
2005.623	1.397	0.266
2005.707	1.491	0.649
2005.79 	1.24	0.087
2005.873	1.354	0.415
2005.957	1.272	0.065
2006.04 	1.279	0.065
2006.04 	1.279	0.065
2006.123	1.281	0.067
2006.207	1.286	0.07
2006.29 	1.296	0.064
2006.373	1.311	0.082
2006.457	1.313	0.083
2006.54 	1.348	0.171
2006.623	1.312	0.08
2006.707	1.309	0.063
2006.79 	1.309	0.068
2006.873	1.315	0.067
2006.957	1.327	0.078
2007.04 	1.365	0.163
2007.04 	1.365	0.163
2007.123	1.311	0.065
2007.207	1.314	0.069
2007.29 	1.318	0.068
2007.373	1.322	0.069
2007.457	1.319	0.067
2007.54 	1.319	0.068
2007.623	1.33	0.066
2007.707	1.325	0.069
2007.79 	1.379	0.098
2007.873	1.336	0.068
2007.957	1.335	0.072
2008.123	1.355	0.086
2008.207	1.381	0.156
2008.29 	1.465	0.543
2008.373	1.476	0.413
2008.457	1.465	0.194
2008.54 	1.362	0.182
2008.623	1.45	0.233
2008.707	1.519	0.466
2008.79 	1.467	0.1
2008.873	1.486	0.165
2008.957	1.388	0.083
2009.04 	1.564	0.242
2009.04 	1.564	0.242
2009.123	1.5	0.344
2009.207	1.441	0.104
2009.29 	1.488	0.321
2009.373	1.532	0.213
2009.457	1.515	0.33
2009.54 	1.466	0.291
2009.623	1.464	0.106
2009.707	1.386	0.071
2009.79 	1.421	0.128
2009.873	1.469	0.179
2009.957	1.454	0.116
2010.04 	1.507	0.388
2010.04 	1.507	0.388
2010.123	1.43	0.096
2010.207	1.395	0.093
2010.29 	1.4	0.083
2010.373	1.498	0.21
2010.457	1.439	0.361
2010.54 	1.373	0.086
2010.623	1.439	0.15
2010.707	1.392	0.133
2010.79 	1.423	0.124
2010.873	1.497	0.24
2010.957	1.418	0.321
2011.04 	1.377	0.094
2011.04 	1.377	0.094
2011.123	1.486	0.254
2011.207	1.461	0.222
2011.29 	1.373	0.098
2011.373	1.42	0.216
2011.457	1.505	0.369
2011.54 	1.377	0.145
2011.623	1.388	0.144
2011.707	1.361	0.124
2011.79 	1.367	0.088
2011.873	1.49	0.404
2011.957	1.533	0.562
2012.04 	1.354	0.064
2012.04 	1.354	0.064
2012.123	1.53	0.36
2012.207	1.391	0.102
2012.29 	1.595	0.451
2012.373	1.405	0.188
2012.457	1.352	0.081
2012.54 	1.397	0.149
2012.623	1.402	0.209
2012.707	1.686	0.795
2012.79 	1.618	0.622
2012.873	1.569	0.54
2012.957	1.375	0.243
2013.04 	1.561	0.331
2013.04 	1.561	0.331
2013.123	1.508	0.366
2013.207	1.504	0.318
2013.29 	1.487	0.31
2013.373	1.547	0.391
2013.457	1.406	0.099
2013.54 	1.579	0.502
2013.623	1.454	0.286
2013.707	1.564	0.721
2013.79 	1.506	0.556
2013.873	1.718	0.677
2013.957	1.632	0.648
2014.04 	1.558	0.467
2014.04 	1.558	0.467
2014.123	1.59	0.457
2014.207	1.468	0.499
2014.29 	1.542	0.486
2014.457	1.381	0.312
2014.54 	1.536	0.565
2014.623	1.479	0.384
2014.707	1.373	0.211
2014.79 	1.673	0.737
2014.873	1.549	0.525
2014.957	1.556	0.543
2015.04 	1.425	0.35
2015.04 	1.425	0.35
2015.123	1.738	0.708
2015.207	1.739	0.773
2015.29 	1.615	0.766
2015.373	1.673	0.813
2015.457	1.688	0.689
2015.54 	1.913	0.936
2015.623	1.739	0.785
2015.707	1.678	0.738
2015.79 	1.551	0.754
2015.873	1.868	0.901
2015.957	1.855	1.124
2016.04 	1.952	0.906
2016.04 	1.952	0.906
2016.123	1.807	0.924
2016.207	2.022	0.936
2016.29 	1.844	0.921
2016.373	1.65	0.787
2016.457	1.879	0.995
2016.54 	1.868	0.956
2016.623	2.222	1.008
2016.707	1.95	0.974
2016.79 	2.019	0.943
2016.873	1.779	1.042
2016.957	1.803	1.003
2017.04 	1.785	1.121
2017.04 	1.785	1.121
2017.123	2.33	1.115
2017.207	1.905	1.143
2017.29 	1.782	1.097
2017.373	2.064	0.971
2017.457	2.21	1.062
2017.54 	2.059	0.968
2017.623	2.031	1.008
2017.707	1.87	1.082
2017.79 	1.878	1.026
2017.873	1.82	0.93
2017.957	1.532	1.064
2018.04 	1.971	1.15
2018.04 	1.971	1.15
2018.123	1.738	1.112
2018.207	1.455	0.97
2018.29 	1.96	1.029
2018.373	1.81	0.939
2018.457	1.821	1.229
2018.54 	1.937	1.225
