#
#date       cti     errer
#
2000.04 	1.687	1.33
2000.123	1.179	0.082
2000.207	1.283	0.144
2000.29 	1.246	0.12
2000.373	1.265	0.101
2000.457	1.249	0.102
2000.54 	1.261	0.101
2000.623	1.17	0.105
2000.707	1.272	0.097
2000.79 	1.273	0.097
2000.873	1.281	0.097
2000.957	1.273	0.1
2001.04 	1.239	0.108
2001.04 	1.239	0.108
2001.123	1.26	0.107
2001.207	1.245	0.105
2001.29 	1.284	0.1
2001.373	1.414	0.291
2001.457	1.286	0.109
2001.54 	1.317	0.093
2001.623	1.268	0.11
2001.707	1.284	0.107
2001.79 	1.32	0.094
2001.873	1.28	0.104
2001.957	1.328	0.093
2002.04 	1.314	0.103
2002.04 	1.314	0.103
2002.123	1.308	0.1
2002.207	1.277	0.107
2002.29 	1.268	0.104
2002.373	1.437	0.38
2002.457	1.27	0.102
2002.54 	1.318	0.101
2002.623	1.249	0.102
2002.707	1.28	0.106
2002.79 	1.273	0.105
2002.873	1.298	0.105
2002.957	1.258	0.098
2003.04 	1.26	0.097
2003.04 	1.26	0.097
2003.123	1.293	0.102
2003.207	1.269	0.098
2003.29 	1.281	0.102
2003.373	1.308	0.102
2003.457	1.319	0.105
2003.54 	1.299	0.101
2003.623	1.294	0.101
2003.707	1.277	0.097
2003.79 	1.308	0.102
2003.873	1.299	0.1
2003.957	1.33	0.1
2004.04 	1.311	0.099
2004.04 	1.311	0.099
2004.207	1.274	0.086
2004.29 	1.304	0.094
2004.373	1.351	0.1
2004.457	1.346	0.149
2004.54 	1.311	0.099
2004.623	1.293	0.098
2004.707	1.312	0.099
2004.79 	1.336	0.102
2004.873	1.304	0.091
2004.957	1.293	0.083
2005.04 	1.277	0.071
2005.04 	1.277	0.071
2005.123	1.272	0.08
2005.207	1.275	0.075
2005.29 	1.331	0.106
2005.373	1.296	0.087
2005.457	1.313	0.096
2005.54 	1.314	0.098
2005.623	1.413	0.287
2005.707	1.428	0.44
2005.79 	1.253	0.09
2005.873	1.462	0.593
2005.957	1.285	0.076
2006.04 	1.289	0.078
2006.04 	1.289	0.078
2006.123	1.295	0.073
2006.207	1.299	0.077
2006.29 	1.303	0.077
2006.373	1.325	0.087
2006.457	1.323	0.089
2006.54 	1.315	0.077
2006.623	1.323	0.088
2006.707	1.316	0.072
2006.79 	1.316	0.077
2006.873	1.322	0.078
2006.957	1.335	0.087
2007.04 	1.377	0.168
2007.04 	1.377	0.168
2007.123	1.33	0.077
2007.207	1.324	0.077
2007.29 	1.331	0.073
2007.373	1.333	0.076
2007.457	1.338	0.078
2007.54 	1.333	0.078
2007.623	1.343	0.072
2007.707	1.342	0.079
2007.79 	1.39	0.102
2007.873	1.346	0.081
2007.957	1.342	0.075
2008.123	1.365	0.092
2008.207	1.354	0.081
2008.29 	1.347	0.075
2008.373	1.405	0.22
2008.457	1.431	0.1
2008.54 	1.397	0.098
2008.623	1.408	0.101
2008.707	1.425	0.102
2008.79 	1.469	0.1
2008.873	1.471	0.104
2008.957	1.395	0.096
2009.04 	1.517	0.093
2009.04 	1.517	0.093
2009.123	1.426	0.152
2009.207	1.439	0.11
2009.29 	1.448	0.22
2009.373	1.496	0.114
2009.457	1.44	0.103
2009.54 	1.437	0.143
2009.623	1.467	0.104
2009.707	1.396	0.081
2009.79 	1.404	0.088
2009.873	1.438	0.1
2009.957	1.463	0.105
2010.04 	1.465	0.227
2010.04 	1.465	0.227
2010.123	1.506	0.386
2010.207	1.422	0.09
2010.29 	1.401	0.092
2010.373	1.628	0.563
2010.457	1.38	0.102
2010.54 	1.394	0.086
2010.623	1.448	0.115
2010.707	1.376	0.082
2010.79 	1.435	0.125
2010.873	1.537	0.309
2010.957	1.485	0.321
2011.04 	1.386	0.101
2011.04 	1.386	0.101
2011.123	1.539	0.305
2011.207	1.479	0.227
2011.29 	1.384	0.115
2011.373	1.35	0.192
2011.457	1.411	0.323
2011.54 	1.372	0.1
2011.623	1.381	0.093
2011.707	1.429	0.319
2011.79 	1.553	0.521
2011.873	1.461	0.418
2011.957	1.381	0.1
2012.04 	1.346	0.087
2012.04 	1.346	0.087
2012.123	1.532	0.29
2012.207	1.433	0.166
2012.29 	1.544	0.512
2012.373	1.405	0.244
2012.457	1.356	0.07
2012.54 	1.401	0.141
2012.623	1.391	0.113
2012.707	1.667	0.812
2012.79 	1.463	0.245
2012.873	1.628	0.673
2012.957	1.39	0.175
2013.04 	1.56	0.519
2013.04 	1.56	0.519
2013.123	1.452	0.357
2013.207	1.495	0.227
2013.29 	1.561	0.289
2013.373	1.446	0.335
2013.457	1.581	0.426
2013.54 	1.449	0.287
2013.623	1.544	0.379
2013.707	1.416	0.587
2013.79 	1.54	0.649
2013.873	1.608	0.686
2013.957	1.504	0.544
2014.04 	1.41	0.235
2014.04 	1.41	0.235
2014.123	1.414	0.27
2014.207	1.635	0.642
2014.29 	1.507	0.303
2014.457	1.52	0.423
2014.54 	1.616	0.541
2014.623	1.571	0.597
2014.707	1.523	0.665
2014.79 	1.443	0.448
2014.873	1.577	0.587
2014.957	1.545	0.542
2015.04 	1.388	0.186
2015.04 	1.388	0.186
2015.123	1.584	0.668
2015.207	1.613	0.672
2015.29 	1.52	0.676
2015.373	1.617	0.667
2015.457	1.773	0.703
2015.54 	1.632	0.717
2015.623	1.631	0.674
2015.707	1.564	0.697
2015.79 	1.848	0.976
2015.873	1.816	0.973
2015.957	1.595	0.823
2016.04 	1.53	0.606
2016.04 	1.53	0.606
2016.123	1.7	0.833
2016.207	1.598	0.789
2016.29 	2.109	1.065
2016.373	2.067	1.048
2016.457	1.768	0.965
2016.54 	1.976	0.912
2016.623	1.885	0.929
2016.707	1.867	0.914
2016.79 	2.033	1.062
2016.873	1.953	0.949
2016.957	1.811	0.988
2017.04 	2.025	1.092
2017.04 	2.025	1.092
2017.123	1.679	0.895
2017.207	1.841	0.818
2017.29 	1.865	0.936
2017.373	1.822	1.049
2017.457	1.836	1.071
2017.54 	1.894	1.072
2017.623	1.894	0.994
2017.707	1.78	1.04
2017.79 	1.804	0.895
2017.873	2.141	1.039
2017.957	1.838	1.048
2018.04 	1.82	0.933
2018.04 	1.82	0.933
2018.123	2.014	1.056
2018.207	1.9	0.962
2018.29 	1.798	1.041
2018.373	2.088	1.09
2018.457	1.978	1.126
2018.54 	1.687	1.33
