#
#date       cti     errer
#
2000.04 	1.397	1.123
2000.123	1.426	0.185
2000.207	1.524	0.192
2000.29 	1.492	0.175
2000.373	1.513	0.16
2000.457	1.495	0.164
2000.54 	1.508	0.155
2000.623	1.431	0.172
2000.707	1.521	0.155
2000.79 	1.525	0.155
2000.873	1.53	0.154
2000.957	1.523	0.161
2001.04 	1.491	0.168
2001.04 	1.491	0.168
2001.123	1.509	0.163
2001.207	1.496	0.17
2001.29 	1.53	0.158
2001.373	1.656	0.311
2001.457	1.535	0.162
2001.54 	1.569	0.146
2001.623	1.519	0.164
2001.707	1.539	0.163
2001.79 	1.567	0.152
2001.873	1.529	0.165
2001.957	1.575	0.152
2002.04 	1.557	0.161
2002.04 	1.557	0.161
2002.123	1.558	0.156
2002.207	1.529	0.165
2002.29 	1.519	0.165
2002.373	1.683	0.381
2002.457	1.525	0.165
2002.54 	1.57	0.158
2002.623	1.506	0.168
2002.707	1.543	0.164
2002.79 	1.525	0.165
2002.873	1.546	0.165
2002.957	1.511	0.163
2003.04 	1.516	0.167
2003.04 	1.516	0.167
2003.123	1.547	0.168
2003.207	1.521	0.166
2003.29 	1.537	0.165
2003.373	1.56	0.162
2003.457	1.574	0.16
2003.54 	1.553	0.164
2003.623	1.549	0.165
2003.707	1.533	0.167
2003.79 	1.561	0.163
2003.873	1.555	0.165
2003.957	1.588	0.158
2004.04 	1.569	0.162
2004.04 	1.569	0.162
2004.207	1.532	0.164
2004.29 	1.561	0.162
2004.373	1.6	0.161
2004.457	1.586	0.163
2004.54 	1.566	0.164
2004.623	1.547	0.165
2004.707	1.565	0.163
2004.79 	1.587	0.164
2004.873	1.56	0.163
2004.957	1.547	0.162
2005.04 	1.536	0.162
2005.04 	1.536	0.162
2005.123	1.532	0.155
2005.207	1.539	0.161
2005.29 	1.589	0.169
2005.373	1.556	0.161
2005.457	1.598	0.251
2005.54 	1.57	0.168
2005.623	1.706	0.434
2005.707	1.623	0.467
2005.79 	1.519	0.164
2005.873	1.55	0.185
2005.957	1.551	0.159
2006.04 	1.556	0.159
2006.04 	1.556	0.159
2006.123	1.558	0.162
2006.207	1.566	0.159
2006.29 	1.573	0.159
2006.373	1.585	0.164
2006.457	1.586	0.165
2006.54 	1.574	0.163
2006.623	1.578	0.163
2006.707	1.576	0.161
2006.79 	1.578	0.16
2006.873	1.586	0.156
2006.957	1.596	0.163
2007.04 	1.632	0.215
2007.04 	1.632	0.215
2007.123	1.584	0.162
2007.207	1.611	0.19
2007.29 	1.594	0.161
2007.373	1.591	0.159
2007.457	1.596	0.162
2007.54 	1.631	0.208
2007.623	1.596	0.165
2007.707	1.599	0.163
2007.79 	1.651	0.17
2007.873	1.607	0.159
2007.957	1.609	0.157
2008.123	1.624	0.166
2008.207	1.657	0.248
2008.29 	1.6	0.176
2008.373	1.727	0.49
2008.457	1.744	0.38
2008.54 	1.662	0.166
2008.623	1.665	0.167
2008.707	1.683	0.164
2008.79 	1.725	0.157
2008.873	1.722	0.158
2008.957	1.65	0.171
2009.04 	1.855	0.381
2009.04 	1.855	0.381
2009.123	1.879	0.522
2009.207	1.717	0.162
2009.29 	1.725	0.317
2009.373	1.802	0.271
2009.457	1.777	0.278
2009.54 	1.709	0.221
2009.623	1.722	0.172
2009.707	1.657	0.166
2009.79 	1.665	0.161
2009.873	1.715	0.229
2009.957	1.739	0.194
2010.04 	1.76	0.34
2010.04 	1.76	0.34
2010.123	1.769	0.251
2010.207	1.661	0.165
2010.29 	1.757	0.412
2010.373	1.867	0.443
2010.457	1.661	0.163
2010.54 	1.649	0.17
2010.623	1.718	0.226
2010.707	1.671	0.263
2010.79 	1.714	0.227
2010.873	1.702	0.158
2010.957	1.793	0.371
2011.04 	1.731	0.353
2011.04 	1.731	0.353
2011.123	1.836	0.366
2011.207	1.82	0.463
2011.29 	1.781	0.4
2011.373	1.69	0.247
2011.457	1.745	0.402
2011.54 	1.646	0.161
2011.623	1.679	0.238
2011.707	1.691	0.257
2011.79 	1.744	0.288
2011.873	1.774	0.493
2011.957	1.654	0.305
2012.04 	1.68	0.307
2012.04 	1.68	0.307
2012.123	1.897	0.466
2012.207	1.771	0.351
2012.29 	2.177	0.773
2012.373	1.733	0.332
2012.457	1.629	0.165
2012.54 	1.795	0.424
2012.623	1.717	0.392
2012.707	1.595	0.467
2012.79 	1.736	0.262
2012.873	1.718	0.235
2012.957	1.836	0.698
2013.04 	1.748	0.526
2013.04 	1.748	0.526
2013.123	1.856	0.487
2013.207	1.921	0.503
2013.29 	1.762	0.544
2013.373	1.875	0.599
2013.457	1.815	0.396
2013.54 	1.75	0.273
2013.623	1.745	0.616
2013.707	1.925	0.611
2013.79 	1.815	0.622
2013.873	1.948	0.695
2013.957	1.984	0.694
2014.04 	1.986	0.571
2014.04 	1.986	0.571
2014.123	1.834	0.504
2014.207	1.774	0.534
2014.29 	1.845	0.647
2014.457	1.813	0.598
2014.54 	1.857	0.59
2014.623	1.796	0.48
2014.707	2.028	0.891
2014.79 	1.802	0.618
2014.873	1.832	0.629
2014.957	1.833	0.791
2015.04 	1.734	0.639
2015.04 	1.734	0.639
2015.123	1.9	0.65
2015.207	1.823	0.601
2015.29 	1.974	0.832
2015.373	1.919	0.727
2015.457	2.033	0.882
2015.54 	1.893	0.836
2015.623	2.053	0.704
2015.707	1.838	0.763
2015.79 	1.872	0.762
2015.873	1.734	0.877
2015.957	2.06	0.898
2016.04 	1.847	0.908
2016.04 	1.847	0.908
2016.123	1.78	0.692
2016.207	1.738	1.185
2016.29 	1.908	0.988
2016.373	2.007	1.016
2016.457	1.709	0.831
2016.54 	2.089	1.092
2016.623	1.884	1.077
2016.707	2.061	0.948
2016.79 	2.096	0.98
2016.873	1.882	0.922
2016.957	1.861	0.826
2017.04 	1.982	0.872
2017.04 	1.982	0.872
2017.123	1.829	1.159
2017.207	2.051	1.043
2017.29 	1.772	1.005
2017.373	1.707	1.003
2017.457	1.848	1.087
2017.54 	1.698	1.054
2017.623	1.824	1.069
2017.707	1.92	1.128
2017.79 	2.073	0.999
2017.873	1.839	1.027
2017.957	1.747	0.993
2018.04 	1.918	0.973
2018.04 	1.918	0.973
2018.123	1.967	1.12
2018.207	2.077	1.02
2018.29 	1.655	0.939
2018.373	1.846	1.087
2018.457	1.93	0.954
2018.54 	1.397	1.123
