#
#date       cti     errer
#
2000.04 	3.057	0.556
2000.123	1.503	0.079
2000.207	1.541	0.122
2000.29 	1.509	0.104
2000.373	1.519	0.094
2000.457	1.51	0.092
2000.54 	1.517	0.088
2000.623	1.474	0.088
2000.707	1.528	0.091
2000.79 	1.534	0.088
2000.873	1.534	0.091
2000.957	1.534	0.091
2001.04 	1.52	0.087
2001.04 	1.52	0.087
2001.123	1.53	0.092
2001.207	1.524	0.089
2001.29 	1.544	0.09
2001.373	1.673	0.274
2001.457	1.551	0.089
2001.54 	1.57	0.091
2001.623	1.545	0.09
2001.707	1.553	0.09
2001.79 	1.574	0.089
2001.873	1.549	0.09
2001.957	1.577	0.09
2002.04 	1.574	0.091
2002.04 	1.574	0.091
2002.123	1.572	0.09
2002.207	1.558	0.087
2002.29 	1.556	0.088
2002.373	1.699	0.353
2002.457	1.554	0.087
2002.54 	1.582	0.09
2002.623	1.552	0.087
2002.707	1.568	0.086
2002.79 	1.559	0.085
2002.873	1.578	0.087
2002.957	1.556	0.082
2003.04 	1.558	0.085
2003.04 	1.558	0.085
2003.123	1.578	0.085
2003.207	1.561	0.086
2003.29 	1.57	0.088
2003.373	1.584	0.087
2003.457	1.597	0.087
2003.54 	1.586	0.083
2003.623	1.586	0.082
2003.707	1.58	0.079
2003.79 	1.592	0.085
2003.873	1.591	0.084
2003.957	1.612	0.084
2004.04 	1.598	0.085
2004.04 	1.598	0.085
2004.207	1.582	0.077
2004.29 	1.597	0.084
2004.373	1.622	0.088
2004.457	1.614	0.087
2004.54 	1.605	0.081
2004.623	1.596	0.079
2004.707	1.605	0.087
2004.79 	1.618	0.088
2004.873	1.603	0.08
2004.957	1.595	0.078
2005.04 	1.588	0.076
2005.04 	1.588	0.076
2005.123	1.591	0.071
2005.207	1.591	0.073
2005.29 	1.622	0.089
2005.373	1.606	0.081
2005.457	1.615	0.083
2005.54 	1.621	0.088
2005.623	1.728	0.31
2005.707	1.574	0.232
2005.79 	1.568	0.079
2005.873	1.59	0.086
2005.957	1.608	0.076
2006.04 	1.613	0.074
2006.04 	1.613	0.074
2006.123	1.613	0.078
2006.207	1.615	0.073
2006.29 	1.625	0.081
2006.373	1.632	0.084
2006.457	1.637	0.083
2006.54 	1.624	0.077
2006.623	1.638	0.084
2006.707	1.634	0.076
2006.79 	1.633	0.075
2006.873	1.638	0.078
2006.957	1.645	0.081
2007.04 	1.69	0.159
2007.04 	1.69	0.159
2007.123	1.644	0.079
2007.207	1.644	0.073
2007.29 	1.64	0.079
2007.373	1.65	0.076
2007.457	1.656	0.076
2007.54 	1.654	0.083
2007.623	1.659	0.072
2007.707	1.657	0.078
2007.79 	1.685	0.084
2007.873	1.661	0.076
2007.957	1.663	0.074
2008.123	1.674	0.081
2008.207	1.663	0.074
2008.29 	1.665	0.075
2008.373	1.645	0.188
2008.457	1.803	0.43
2008.54 	1.694	0.085
2008.623	1.7	0.086
2008.707	1.711	0.093
2008.79 	1.735	0.086
2008.873	1.733	0.09
2008.957	1.698	0.084
2009.04 	1.777	0.097
2009.04 	1.777	0.097
2009.123	1.747	0.093
2009.207	1.717	0.091
2009.29 	1.719	0.094
2009.373	1.745	0.094
2009.457	1.744	0.135
2009.54 	1.724	0.086
2009.623	1.744	0.096
2009.707	1.72	0.077
2009.79 	1.712	0.085
2009.873	1.732	0.103
2009.957	1.762	0.113
2010.04 	1.75	0.13
2010.04 	1.75	0.13
2010.123	1.734	0.092
2010.207	1.783	0.327
2010.29 	1.736	0.227
2010.373	1.79	0.156
2010.457	1.725	0.169
2010.54 	1.702	0.08
2010.623	1.728	0.088
2010.707	1.707	0.072
2010.79 	1.725	0.086
2010.873	1.748	0.177
2010.957	1.702	0.106
2011.04 	1.777	0.379
2011.04 	1.777	0.379
2011.123	1.865	0.411
2011.207	1.729	0.095
2011.29 	1.695	0.213
2011.373	1.66	0.114
2011.457	1.711	0.122
2011.54 	1.666	0.163
2011.623	1.691	0.13
2011.707	1.751	0.257
2011.79 	1.783	0.434
2011.873	1.723	0.177
2011.957	1.687	0.354
2012.04 	1.741	0.277
2012.04 	1.741	0.277
2012.123	1.751	0.237
2012.207	1.716	0.087
2012.29 	1.787	0.271
2012.373	1.638	0.133
2012.457	1.682	0.091
2012.54 	1.717	0.089
2012.623	1.694	0.106
2012.707	1.744	0.585
2012.79 	1.702	0.1
2012.873	1.776	0.372
2012.957	1.793	0.721
2013.04 	1.774	0.422
2013.04 	1.774	0.422
2013.123	1.788	0.269
2013.207	1.747	0.118
2013.29 	1.728	0.234
2013.373	1.736	0.116
2013.457	1.813	0.33
2013.54 	1.653	0.31
2013.623	1.763	0.343
2013.707	1.848	0.514
2013.79 	1.94	0.735
2013.873	1.679	0.339
2013.957	1.861	0.538
2014.04 	1.917	0.508
2014.04 	1.917	0.508
2014.123	1.807	0.387
2014.207	1.809	0.394
2014.29 	1.771	0.479
2014.457	1.797	0.677
2014.54 	1.895	0.501
2014.623	1.823	0.538
2014.707	1.871	0.362
2014.79 	1.794	0.481
2014.873	1.854	0.682
2014.957	1.976	0.644
2015.04 	1.883	0.615
2015.04 	1.883	0.615
2015.123	1.84	0.521
2015.207	1.97	0.761
2015.29 	2.003	0.771
2015.373	1.726	0.534
2015.457	1.958	0.65
2015.54 	1.922	0.645
2015.623	1.865	0.563
2015.707	1.775	0.715
2015.79 	2.074	0.81
2015.873	1.661	0.884
2015.957	1.556	0.825
2016.04 	1.816	0.535
2016.04 	1.816	0.535
2016.123	1.784	0.693
2016.207	1.873	0.774
2016.29 	1.781	0.956
2016.373	1.94	0.86
2016.457	1.931	0.738
2016.54 	1.879	0.837
2016.623	2.068	0.834
2016.707	1.975	1.117
2016.79 	1.988	0.943
2016.873	2.135	0.964
2016.957	1.871	0.85
2017.04 	2.094	0.862
2017.04 	2.094	0.862
2017.123	2.145	0.905
2017.207	1.631	1.137
2017.29 	1.932	0.91
2017.373	1.967	0.907
2017.457	1.846	0.934
2017.54 	2.068	1.021
2017.623	2.06	1.177
2017.707	2.01	0.863
2017.79 	2.158	1.023
2017.873	1.999	1.029
2017.957	2.059	0.883
2018.04 	1.828	0.987
2018.04 	1.828	0.987
2018.123	1.821	0.918
2018.207	2.096	0.995
2018.29 	1.788	1.039
2018.373	1.944	0.924
2018.457	1.745	0.909
2018.54 	3.057	0.556
