#
#date       cti     errer
#
2000.123	2.309	0.138
2000.207	2.198	0.185
2000.29 	2.221	0.175
2000.373	2.222	0.178
2000.457	2.216	0.181
2000.54 	2.201	0.193
2000.623	2.323	0.25
2000.707	2.272	0.152
2000.79 	2.293	0.148
2000.873	2.287	0.153
2000.957	2.27	0.168
2001.04 	2.254	0.181
2001.04 	2.254	0.181
2001.123	2.246	0.18
2001.207	2.263	0.169
2001.29 	2.255	0.18
2001.373	2.257	0.177
2001.457	2.257	0.187
2001.54 	2.245	0.184
2001.623	2.258	0.182
2001.707	2.263	0.177
2001.79 	2.283	0.175
2001.873	2.275	0.188
2001.957	2.332	0.147
2002.04 	2.302	0.165
2002.04 	2.302	0.165
2002.123	2.284	0.176
2002.207	2.303	0.174
2002.29 	2.316	0.167
2002.373	2.305	0.17
2002.457	2.309	0.172
2002.54 	2.308	0.175
2002.623	2.325	0.171
2002.707	2.371	0.144
2002.79 	2.359	0.149
2002.873	2.362	0.148
2002.957	2.355	0.156
2003.04 	2.357	0.156
2003.04 	2.357	0.156
2003.123	2.371	0.145
2003.207	2.365	0.151
2003.29 	2.37	0.148
2003.373	2.362	0.152
2003.457	2.362	0.157
2003.54 	2.381	0.152
2003.623	2.396	0.149
2003.707	2.398	0.146
2003.79 	2.395	0.148
2003.873	2.381	0.154
2003.957	2.385	0.161
2004.04 	2.397	0.151
2004.04 	2.397	0.151
2004.207	2.411	0.147
2004.29 	2.399	0.15
2004.373	2.389	0.161
2004.457	2.398	0.146
2004.54 	2.417	0.139
2004.623	2.413	0.147
2004.707	2.418	0.14
2004.79 	2.412	0.149
2004.873	2.417	0.148
2004.957	2.426	0.145
2005.04 	2.427	0.143
2005.04 	2.427	0.143
2005.123	2.437	0.142
2005.207	2.434	0.141
2005.29 	2.439	0.147
2005.373	2.444	0.14
2005.457	2.436	0.146
2005.54 	2.44	0.141
2005.623	2.438	0.144
2005.707	2.454	0.139
2005.79 	2.414	0.137
2005.873	2.422	0.143
2005.957	2.444	0.146
2006.04 	2.448	0.143
2006.04 	2.448	0.143
2006.123	2.452	0.143
2006.207	2.456	0.14
2006.29 	2.455	0.148
2006.373	2.419	0.32
2006.457	2.461	0.142
2006.54 	2.468	0.15
2006.623	2.432	0.327
2006.707	2.471	0.143
2006.79 	2.467	0.137
2006.873	2.399	0.384
2006.957	2.476	0.142
2007.04 	2.472	0.143
2007.04 	2.472	0.143
2007.123	2.487	0.133
2007.207	2.488	0.139
2007.29 	2.483	0.144
2007.373	2.47	0.133
2007.457	2.485	0.137
2007.54 	2.474	0.169
2007.623	2.493	0.142
2007.707	2.502	0.145
2007.79 	2.495	0.138
2007.873	2.498	0.142
2007.957	2.509	0.14
2008.04 	2.509	0.132
2008.04 	2.509	0.132
2008.123	2.51	0.138
2008.207	2.492	0.145
2008.29 	2.506	0.142
2008.373	2.353	0.334
2008.457	2.499	0.142
2008.54 	2.49	0.14
2008.623	2.507	0.139
2008.707	2.511	0.146
2008.79 	2.47	0.17
2008.873	2.499	0.152
2008.957	2.515	0.146
2009.04 	2.475	0.238
2009.04 	2.475	0.238
2009.123	2.523	0.138
2009.207	2.369	0.49
2009.29 	2.506	0.212
2009.373	2.454	0.491
2009.457	2.483	0.256
2009.54 	2.552	0.144
2009.623	2.525	0.153
2009.707	2.541	0.141
2009.79 	2.543	0.142
2009.873	2.517	0.16
2009.957	2.552	0.151
2010.04 	2.526	0.157
2010.04 	2.526	0.157
2010.123	2.494	0.243
2010.207	2.348	0.526
2010.29 	2.533	0.156
2010.373	2.573	0.126
2010.457	2.466	0.222
2010.54 	2.39	0.246
2010.623	2.386	0.574
2010.707	2.52	0.152
2010.79 	2.521	0.201
2010.873	2.695	0.535
2010.957	2.364	0.636
2011.04 	2.509	0.36
2011.04 	2.509	0.36
2011.123	2.462	0.317
2011.207	2.404	0.412
2011.29 	2.542	0.185
2011.373	2.487	0.312
2011.457	2.577	0.144
2011.54 	2.59	0.153
2011.623	2.565	0.14
2011.707	2.522	0.254
2011.79 	2.549	0.834
2011.873	2.584	0.125
2011.957	2.371	0.578
2012.04 	2.554	0.147
2012.04 	2.554	0.147
2012.207	2.536	0.154
2012.29 	2.393	0.362
2012.373	2.53	0.431
2012.457	2.575	0.153
2012.54 	2.551	0.153
2012.707	2.562	0.261
2012.79 	2.522	0.53
2012.873	2.388	0.471
2012.957	2.134	1.085
2013.04 	2.451	0.399
2013.04 	2.451	0.399
2013.123	2.5	0.317
2013.207	2.447	0.511
2013.29 	2.354	0.92
2013.373	2.196	0.788
2013.457	2.577	0.403
2013.54 	2.504	0.232
2013.623	2.429	0.599
2013.707	2.279	0.684
2013.79 	2.302	0.732
2013.873	2.608	0.207
2013.957	2.505	0.261
2014.04 	2.439	0.694
2014.04 	2.439	0.694
2014.123	2.65	0.241
2014.207	2.709	0.465
2014.29 	2.521	0.42
2014.457	2.391	0.726
2014.54 	2.667	0.378
2014.623	2.44	0.61
2014.707	2.43	0.784
2014.79 	2.592	0.576
2014.873	2.376	0.736
2014.957	2.306	0.766
2015.04 	2.152	0.949
2015.04 	2.152	0.949
2015.123	2.327	0.872
2015.207	2.457	0.701
2015.29 	2.214	0.909
2015.373	2.069	0.952
2015.457	2.14	0.939
2015.54 	2.643	0.431
2015.623	2.337	0.833
2015.707	2.394	0.874
2015.79 	2.317	0.84
2015.873	2.162	0.946
2015.957	1.965	1.007
2016.04 	2.466	0.929
2016.04 	2.466	0.929
2016.123	2.291	0.924
2016.207	2.446	1.02
2016.29 	2.364	1.006
2016.373	2.251	0.944
2016.457	2.012	1.131
2016.54 	1.999	1.032
2016.623	2.464	0.841
2016.707	2.079	1.097
2016.79 	2.114	1.115
2016.873	1.816	1.111
2016.957	2.101	0.961
2017.04 	2.34	0.839
2017.04 	2.34	0.839
2017.123	1.756	1.054
2017.207	1.941	0.944
2017.29 	1.915	0.865
2017.373	1.91	0.973
2017.457	1.963	1.138
2017.54 	2.298	1.108
2017.623	2.015	1.034
2017.707	2.012	0.956
2017.79 	2.013	0.947
2017.873	1.906	0.865
2017.957	2.017	0.946
2018.04 	1.586	1.166
2018.04 	1.586	1.166
2018.123	1.675	0.914
2018.207	1.717	0.914
2018.29 	1.703	1.151
2018.457	2.206	1.051
