#
#date       cti     errer
#
2000.04 	1.325	1.24
2000.123	0.119	0.008
2000.207	0.248	0.038
2000.29 	0.217	0.047
2000.373	0.23	0.043
2000.457	0.246	0.041
2000.54 	0.271	0.011
2000.623	0.235	0.063
2000.707	0.185	0.018
2000.79 	0.197	0.034
2000.873	0.187	0.015
2000.957	0.217	0.043
2001.04 	0.267	0.034
2001.04 	0.267	0.034
2001.123	0.275	0.031
2001.207	0.238	0.047
2001.29 	0.23	0.045
2001.373	0.269	0.037
2001.457	0.288	0.008
2001.54 	0.245	0.047
2001.623	0.29	0.005
2001.707	0.257	0.046
2001.79 	0.236	0.048
2001.873	0.262	0.045
2001.957	0.226	0.033
2002.04 	0.255	0.045
2002.04 	0.255	0.045
2002.123	0.251	0.043
2002.207	0.249	0.047
2002.29 	0.242	0.043
2002.373	0.264	0.041
2002.457	0.27	0.044
2002.54 	0.281	0.04
2002.623	0.272	0.044
2002.707	0.217	0.03
2002.79 	0.218	0.028
2002.873	0.212	0.013
2002.957	0.242	0.044
2003.04 	0.233	0.039
2003.04 	0.233	0.039
2003.123	0.224	0.03
2003.207	0.229	0.033
2003.29 	0.225	0.033
2003.373	0.24	0.04
2003.457	0.251	0.044
2003.54 	0.238	0.036
2003.623	0.229	0.038
2003.707	0.222	0.03
2003.79 	0.23	0.032
2003.873	0.247	0.044
2003.957	0.277	0.042
2004.04 	0.247	0.041
2004.04 	0.247	0.041
2004.207	0.236	0.031
2004.29 	0.239	0.035
2004.373	0.264	0.044
2004.457	0.251	0.044
2004.54 	0.224	0.016
2004.623	0.238	0.033
2004.707	0.229	0.017
2004.79 	0.252	0.037
2004.873	0.241	0.031
2004.957	0.235	0.014
2005.04 	0.229	0.013
2005.04 	0.229	0.013
2005.123	0.235	0.015
2005.207	0.235	0.012
2005.29 	0.25	0.031
2005.373	0.239	0.015
2005.457	0.256	0.037
2005.54 	0.25	0.034
2005.623	0.252	0.031
2005.707	0.238	0.019
2005.79 	0.244	0.015
2005.873	0.245	0.015
2005.957	0.25	0.034
2006.04 	0.244	0.016
2006.04 	0.244	0.016
2006.123	0.244	0.016
2006.207	0.243	0.014
2006.29 	0.24	0.044
2006.373	0.242	0.019
2006.457	0.242	0.019
2006.54 	0.251	0.022
2006.623	0.246	0.021
2006.707	0.245	0.018
2006.79 	0.249	0.017
2006.873	0.251	0.015
2006.957	0.253	0.019
2007.04 	0.256	0.015
2007.04 	0.256	0.015
2007.123	0.254	0.024
2007.207	0.253	0.017
2007.29 	0.254	0.018
2007.373	0.258	0.028
2007.457	0.261	0.015
2007.54 	0.258	0.022
2007.623	0.253	0.014
2007.707	0.261	0.019
2007.79 	0.257	0.013
2007.873	0.262	0.018
2007.957	0.267	0.021
2008.04 	0.263	0.021
2008.04 	0.263	0.021
2008.123	0.259	0.031
2008.207	0.273	0.043
2008.29 	0.267	0.027
2008.373	0.297	0.054
2008.457	0.291	0.043
2008.54 	0.294	0.044
2008.623	0.289	0.031
2008.707	0.283	0.04
2008.79 	0.345	0.036
2008.873	0.314	0.048
2008.957	0.283	0.042
2009.04 	0.277	0.023
2009.04 	0.277	0.023
2009.123	0.265	0.035
2009.207	0.288	0.049
2009.29 	0.304	0.055
2009.373	0.33	0.073
2009.457	0.304	0.054
2009.54 	0.302	0.048
2009.623	0.318	0.052
2009.707	0.283	0.025
2009.79 	0.278	0.022
2009.873	0.324	0.049
2009.957	0.323	0.057
2010.04 	0.313	0.047
2010.04 	0.313	0.047
2010.123	0.301	0.056
2010.207	0.291	0.046
2010.29 	0.295	0.043
2010.373	0.302	0.055
2010.457	0.3	0.046
2010.54 	0.311	0.057
2010.623	0.323	0.048
2010.707	0.312	0.04
2010.79 	0.305	0.041
2010.873	0.326	0.054
2010.957	0.323	0.038
2011.04 	0.309	0.053
2011.04 	0.309	0.053
2011.123	0.366	0.06
2011.207	0.344	0.073
2011.29 	0.277	0.06
2011.373	0.309	0.077
2011.457	0.322	0.05
2011.54 	0.295	0.032
2011.623	0.292	0.025
2011.707	0.297	0.035
2011.79 	0.3	0.073
2011.873	0.304	0.037
2011.957	0.344	0.067
2012.04 	0.29	0.043
2012.04 	0.29	0.043
2012.123	0.328	0.056
2012.207	0.331	0.05
2012.29 	0.35	0.093
2012.373	0.288	0.114
2012.457	0.301	0.033
2012.54 	0.296	0.04
2012.623	0.333	0.058
2012.707	0.302	0.054
2012.79 	0.316	0.086
2012.873	0.429	0.355
2012.957	0.415	0.172
2013.04 	0.337	0.133
2013.04 	0.337	0.133
2013.123	0.416	0.41
2013.207	0.359	0.126
2013.29 	0.355	0.119
2013.373	0.411	0.526
2013.457	0.331	0.058
2013.54 	0.345	0.161
2013.623	0.451	0.52
2013.707	0.351	0.17
2013.79 	0.43	0.376
2013.873	0.354	0.133
2013.957	0.374	0.157
2014.04 	0.449	0.45
2014.04 	0.449	0.45
2014.123	0.349	0.085
2014.207	0.354	0.105
2014.29 	0.333	0.099
2014.373	0.389	0.289
2014.457	0.356	0.151
2014.54 	0.393	0.213
2014.623	0.484	0.423
2014.707	0.338	0.08
2014.79 	0.356	0.115
2014.873	0.448	0.446
2014.957	0.385	0.168
2015.04 	0.333	0.113
2015.04 	0.333	0.113
2015.123	0.458	0.549
2015.207	0.395	0.304
2015.29 	0.656	0.827
2015.373	0.506	0.509
2015.457	0.57	0.662
2015.54 	0.392	0.203
2015.623	0.628	0.729
2015.707	0.583	0.644
2015.79 	0.637	0.732
2015.873	0.681	0.793
2015.957	0.507	0.509
2016.04 	0.599	0.535
2016.04 	0.599	0.535
2016.123	0.823	0.898
2016.207	0.891	0.906
2016.29 	0.962	0.909
2016.373	0.719	0.825
2016.457	0.692	0.642
2016.54 	0.989	0.832
2016.623	0.762	0.643
2016.707	0.761	0.755
2016.79 	0.874	0.741
2016.873	0.911	0.863
2016.957	1.038	0.893
2017.04 	0.896	0.909
2017.04 	0.896	0.909
2017.123	0.702	0.631
2017.207	1.114	0.908
2017.29 	1.148	1.028
2017.373	1.005	0.89
2017.457	1.058	0.985
2017.54 	1.445	1.096
2017.623	0.986	0.883
2017.707	1.131	0.856
2017.79 	1.121	0.87
2017.873	1.129	0.85
2017.957	1.249	1.071
2018.04 	1.255	1.086
2018.04 	1.255	1.086
2018.123	1.101	0.848
2018.207	1.221	0.923
2018.29 	1.009	0.878
2018.457	1.297	1.032
2018.54 	1.325	1.24
