#
#date       cti     errer
#
2000.123	1.811	0.082
2000.207	1.776	0.1
2000.29 	1.762	0.09
2000.373	1.77	0.087
2000.457	1.773	0.087
2000.54 	1.785	0.088
2000.623	1.824	0.166
2000.707	1.775	0.084
2000.79 	1.781	0.084
2000.873	1.787	0.081
2000.957	1.8	0.084
2001.04 	1.801	0.084
2001.04 	1.801	0.084
2001.123	1.809	0.085
2001.207	1.799	0.086
2001.29 	1.809	0.085
2001.373	1.867	0.182
2001.457	1.832	0.084
2001.54 	1.824	0.083
2001.623	1.828	0.087
2001.707	1.833	0.082
2001.79 	1.84	0.084
2001.873	1.837	0.081
2001.957	1.84	0.085
2002.04 	1.847	0.08
2002.04 	1.847	0.08
2002.123	1.853	0.083
2002.207	1.84	0.086
2002.29 	1.843	0.079
2002.373	1.927	0.268
2002.457	1.853	0.083
2002.54 	1.86	0.082
2002.623	1.851	0.081
2002.707	1.859	0.082
2002.79 	1.855	0.082
2002.873	1.858	0.082
2002.957	1.858	0.08
2003.04 	1.859	0.081
2003.04 	1.859	0.081
2003.123	1.862	0.079
2003.207	1.86	0.08
2003.29 	1.863	0.081
2003.373	1.868	0.082
2003.457	1.875	0.082
2003.54 	1.88	0.082
2003.623	1.885	0.082
2003.707	1.886	0.079
2003.79 	1.881	0.083
2003.873	1.885	0.081
2003.957	1.907	0.081
2004.04 	1.897	0.08
2004.04 	1.897	0.08
2004.207	1.893	0.081
2004.29 	1.895	0.081
2004.373	1.9	0.084
2004.457	1.897	0.083
2004.54 	1.909	0.146
2004.623	1.895	0.084
2004.707	1.898	0.081
2004.79 	1.903	0.081
2004.873	1.902	0.082
2004.957	1.896	0.084
2005.04 	1.896	0.082
2005.04 	1.896	0.082
2005.123	1.902	0.084
2005.207	1.902	0.079
2005.29 	1.904	0.082
2005.373	1.909	0.081
2005.457	1.914	0.082
2005.54 	1.917	0.083
2005.623	1.934	0.12
2005.707	1.916	0.084
2005.79 	1.877	0.088
2005.873	1.888	0.09
2005.957	1.915	0.084
2006.04 	1.916	0.081
2006.04 	1.916	0.081
2006.123	1.917	0.079
2006.207	1.917	0.083
2006.29 	1.913	0.108
2006.373	1.929	0.084
2006.457	1.929	0.083
2006.54 	1.944	0.128
2006.623	1.909	0.15
2006.707	1.926	0.084
2006.79 	1.93	0.084
2006.873	1.937	0.084
2006.957	1.934	0.084
2007.04 	1.959	0.119
2007.04 	1.959	0.119
2007.123	1.962	0.163
2007.207	1.937	0.082
2007.29 	1.938	0.086
2007.373	1.941	0.083
2007.457	1.946	0.082
2007.54 	1.943	0.083
2007.623	1.947	0.084
2007.707	1.95	0.083
2007.79 	1.96	0.086
2007.873	1.952	0.087
2007.957	1.953	0.088
2008.04 	1.965	0.082
2008.04 	1.965	0.082
2008.123	1.959	0.082
2008.207	1.961	0.084
2008.29 	1.948	0.081
2008.373	1.967	0.335
2008.457	1.979	0.329
2008.54 	1.964	0.081
2008.623	1.967	0.085
2008.707	1.977	0.081
2008.79 	1.99	0.084
2008.873	1.975	0.091
2008.957	1.981	0.081
2009.04 	2.076	0.367
2009.04 	2.076	0.367
2009.123	1.926	0.248
2009.207	2.022	0.239
2009.29 	2.029	0.247
2009.373	1.955	0.293
2009.457	1.995	0.113
2009.54 	1.983	0.08
2009.623	1.993	0.089
2009.707	1.994	0.088
2009.79 	1.991	0.08
2009.873	1.992	0.1
2009.957	2.055	0.261
2010.04 	1.982	0.241
2010.04 	1.982	0.241
2010.123	1.997	0.252
2010.207	1.98	0.086
2010.29 	2.016	0.267
2010.373	2.03	0.186
2010.457	2.039	0.429
2010.54 	1.969	0.173
2010.623	1.998	0.082
2010.707	1.982	0.199
2010.79 	2.029	0.186
2010.873	1.995	0.107
2010.957	1.987	0.364
2011.04 	1.91	0.454
2011.04 	1.91	0.454
2011.123	2.103	0.334
2011.207	1.925	0.49
2011.29 	2.023	0.296
2011.373	2.008	0.087
2011.457	2.065	0.359
2011.54 	1.993	0.438
2011.623	2.011	0.306
2011.707	2.008	0.155
2011.79 	2.166	0.489
2011.873	2.007	0.388
2011.957	2.109	0.479
2012.04 	1.858	0.432
2012.04 	1.858	0.432
2012.123	1.932	0.467
2012.207	1.964	0.13
2012.29 	2.003	0.342
2012.373	1.705	0.652
2012.457	1.979	0.124
2012.54 	2.047	0.314
2012.623	2.014	0.322
2012.707	2.103	0.493
2012.79 	1.942	0.432
2012.873	1.955	0.527
2012.957	2.061	0.615
2013.04 	1.991	0.446
2013.04 	1.991	0.446
2013.123	1.999	0.272
2013.207	2.011	0.204
2013.29 	2.116	0.521
2013.373	2.016	0.529
2013.457	2.058	0.252
2013.54 	1.946	0.601
2013.623	2.035	0.348
2013.707	1.95	0.722
2013.79 	2.12	0.67
2013.873	2.241	0.83
2013.957	1.956	0.649
2014.04 	2.092	0.645
2014.04 	2.092	0.645
2014.123	1.876	0.342
2014.207	2.038	0.439
2014.29 	2.076	0.489
2014.457	1.903	0.291
2014.54 	1.983	0.585
2014.623	2.045	0.504
2014.707	2.171	0.489
2014.79 	2.097	0.54
2014.873	1.892	0.592
2014.957	2.08	0.6
2015.04 	1.9	0.668
2015.04 	1.9	0.668
2015.123	2.039	0.69
2015.207	1.991	0.662
2015.29 	1.911	0.711
2015.373	2.168	0.884
2015.457	2.19	0.693
2015.54 	2.079	0.687
2015.623	2.015	0.832
2015.707	2.112	0.507
2015.79 	2.005	0.789
2015.873	1.969	0.869
2015.957	1.654	0.74
2016.04 	2.049	0.71
2016.04 	2.049	0.71
2016.123	1.913	0.957
2016.207	1.818	0.831
2016.29 	1.799	0.781
2016.373	1.843	0.778
2016.457	1.945	0.753
2016.54 	2.227	0.965
2016.623	2.056	0.818
2016.707	2.039	0.913
2016.79 	1.974	0.852
2016.873	2.114	1.103
2016.957	2.123	0.714
2017.04 	1.967	1.125
2017.04 	1.967	1.125
2017.123	1.95	0.847
2017.207	1.751	1.037
2017.29 	2.203	0.956
2017.373	1.599	1.038
2017.457	1.752	0.936
2017.54 	2.059	0.969
2017.623	1.712	0.861
2017.707	2.012	0.91
2017.79 	1.536	1.094
2017.873	2.199	1.067
2017.957	1.849	0.897
2018.04 	2.054	0.989
2018.04 	2.054	0.989
2018.123	2.237	1.022
2018.207	2.063	1.063
2018.29 	1.654	1.025
2018.373	2.149	1.048
2018.457	1.864	0.888
