#
#date       cti     errer
#
2000.04 	0.752	0.952
2000.123	0.051	0.0
2000.207	0.13	0.067
2000.29 	0.111	0.074
2000.373	0.13	0.068
2000.457	0.131	0.069
2000.54 	0.15	0.054
2000.623	0.11	0.075
2000.707	0.112	0.075
2000.79 	0.105	0.081
2000.873	0.136	0.068
2000.957	0.121	0.074
2001.04 	0.132	0.073
2001.04 	0.132	0.073
2001.123	0.143	0.066
2001.207	0.115	0.072
2001.29 	0.125	0.072
2001.373	0.138	0.068
2001.457	0.149	0.066
2001.54 	0.128	0.071
2001.623	0.143	0.07
2001.707	0.117	0.079
2001.79 	0.114	0.078
2001.873	0.125	0.075
2001.957	0.122	0.074
2002.04 	0.149	0.068
2002.04 	0.149	0.068
2002.123	0.13	0.071
2002.207	0.117	0.074
2002.29 	0.113	0.071
2002.373	0.145	0.069
2002.457	0.131	0.074
2002.54 	0.157	0.065
2002.623	0.122	0.074
2002.707	0.101	0.073
2002.79 	0.099	0.07
2002.873	0.107	0.071
2002.957	0.109	0.072
2003.04 	0.105	0.069
2003.04 	0.105	0.069
2003.123	0.111	0.072
2003.207	0.107	0.07
2003.29 	0.108	0.068
2003.373	0.126	0.072
2003.457	0.135	0.072
2003.54 	0.116	0.07
2003.623	0.107	0.074
2003.707	0.093	0.068
2003.79 	0.118	0.071
2003.873	0.119	0.071
2003.957	0.155	0.069
2004.04 	0.124	0.069
2004.04 	0.124	0.069
2004.207	0.102	0.062
2004.29 	0.116	0.068
2004.373	0.147	0.069
2004.457	0.133	0.07
2004.54 	0.105	0.066
2004.623	0.109	0.067
2004.707	0.109	0.061
2004.79 	0.132	0.072
2004.873	0.111	0.064
2004.957	0.1	0.056
2005.04 	0.096	0.052
2005.04 	0.096	0.052
2005.123	0.101	0.052
2005.207	0.101	0.051
2005.29 	0.128	0.065
2005.373	0.11	0.061
2005.457	0.121	0.066
2005.54 	0.11	0.062
2005.623	0.11	0.067
2005.707	0.099	0.063
2005.79 	0.1	0.062
2005.873	0.099	0.058
2005.957	0.1	0.058
2006.04 	0.099	0.053
2006.04 	0.099	0.053
2006.123	0.101	0.05
2006.207	0.099	0.054
2006.29 	0.103	0.053
2006.373	0.108	0.059
2006.457	0.107	0.058
2006.54 	0.102	0.055
2006.623	0.105	0.058
2006.707	0.1	0.052
2006.79 	0.106	0.054
2006.873	0.107	0.055
2006.957	0.111	0.058
2007.04 	0.109	0.054
2007.04 	0.109	0.054
2007.123	0.108	0.053
2007.207	0.111	0.054
2007.29 	0.111	0.055
2007.373	0.105	0.056
2007.457	0.11	0.051
2007.54 	0.114	0.059
2007.623	0.11	0.056
2007.707	0.111	0.057
2007.79 	0.129	0.065
2007.873	0.116	0.054
2007.957	0.118	0.057
2008.04 	0.112	0.055
2008.04 	0.112	0.055
2008.123	0.125	0.064
2008.207	0.124	0.06
2008.29 	0.119	0.05
2008.373	0.208	0.322
2008.457	0.156	0.074
2008.54 	0.156	0.075
2008.623	0.151	0.065
2008.707	0.157	0.069
2008.79 	0.207	0.063
2008.873	0.189	0.068
2008.957	0.139	0.063
2009.04 	0.191	0.072
2009.04 	0.191	0.072
2009.123	0.205	0.235
2009.207	0.167	0.071
2009.29 	0.158	0.077
2009.373	0.186	0.08
2009.457	0.152	0.077
2009.54 	0.151	0.076
2009.623	0.177	0.076
2009.707	0.127	0.053
2009.79 	0.14	0.061
2009.873	0.172	0.065
2009.957	0.174	0.078
2010.04 	0.162	0.074
2010.04 	0.162	0.074
2010.123	0.193	0.28
2010.207	0.133	0.062
2010.29 	0.141	0.062
2010.373	0.18	0.076
2010.457	0.167	0.14
2010.54 	0.152	0.082
2010.623	0.185	0.072
2010.707	0.15	0.065
2010.79 	0.192	0.18
2010.873	0.17	0.068
2010.957	0.157	0.074
2011.04 	0.202	0.314
2011.04 	0.202	0.314
2011.123	0.222	0.153
2011.207	0.191	0.171
2011.29 	0.152	0.071
2011.373	0.181	0.098
2011.457	0.172	0.098
2011.54 	0.137	0.06
2011.623	0.158	0.06
2011.707	0.145	0.058
2011.79 	0.2	0.261
2011.873	0.15	0.059
2011.957	0.195	0.218
2012.04 	0.165	0.103
2012.04 	0.165	0.103
2012.123	0.289	0.366
2012.207	0.182	0.069
2012.29 	0.182	0.101
2012.373	0.209	0.216
2012.457	0.211	0.32
2012.54 	0.172	0.071
2012.623	0.211	0.094
2012.707	0.247	0.359
2012.79 	0.211	0.205
2012.873	0.333	0.35
2012.957	0.341	0.487
2013.04 	0.644	0.836
2013.04 	0.644	0.836
2013.123	0.196	0.099
2013.207	0.255	0.291
2013.29 	0.209	0.096
2013.373	0.244	0.327
2013.457	0.257	0.257
2013.54 	0.231	0.206
2013.623	0.301	0.327
2013.707	0.445	0.608
2013.79 	0.393	0.499
2013.873	0.592	0.812
2013.957	0.417	0.481
2014.04 	0.292	0.35
2014.04 	0.292	0.35
2014.123	0.26	0.289
2014.207	0.375	0.542
2014.29 	0.303	0.464
2014.373	0.259	0.365
2014.457	0.363	0.501
2014.54 	0.325	0.43
2014.623	0.384	0.554
2014.707	0.199	0.107
2014.79 	0.452	0.617
2014.873	0.44	0.6
2014.957	0.423	0.516
2015.04 	0.473	0.599
2015.04 	0.473	0.599
2015.123	0.391	0.43
2015.207	0.413	0.517
2015.29 	0.501	0.663
2015.373	0.628	0.752
2015.457	0.385	0.477
2015.54 	0.524	0.602
2015.623	0.634	0.737
2015.707	0.63	0.777
2015.79 	0.756	0.873
2015.873	0.71	0.759
2015.957	0.603	0.646
2016.04 	0.79	0.835
2016.04 	0.79	0.835
2016.123	0.782	0.86
2016.207	0.988	0.789
2016.29 	0.935	0.921
2016.373	0.814	0.79
2016.457	0.856	0.763
2016.54 	1.182	0.905
2016.623	1.236	0.962
2016.707	1.02	0.864
2016.79 	0.967	0.803
2016.873	0.978	0.817
2016.957	0.925	0.898
2017.04 	1.013	0.928
2017.04 	1.013	0.928
2017.123	1.118	0.906
2017.207	1.092	0.869
2017.29 	1.026	0.862
2017.373	0.924	0.724
2017.457	1.189	0.932
2017.54 	1.206	0.92
2017.623	1.201	0.895
2017.707	1.152	0.919
2017.79 	1.219	1.0
2017.873	1.293	0.964
2017.957	0.985	0.91
2018.04 	0.922	0.775
2018.04 	0.922	0.775
2018.123	1.076	0.904
2018.207	1.277	0.991
2018.29 	1.156	0.962
2018.373	1.252	0.912
2018.457	1.041	0.784
2018.54 	0.752	0.952
