#
#date       cti     errer
#
2000.123	1.536	0.097
2000.207	1.446	0.102
2000.29 	1.447	0.097
2000.373	1.458	0.096
2000.457	1.458	0.096
2000.54 	1.458	0.098
2000.623	1.555	0.201
2000.707	1.459	0.089
2000.79 	1.474	0.089
2000.873	1.475	0.087
2000.957	1.472	0.097
2001.04 	1.476	0.096
2001.04 	1.476	0.096
2001.123	1.478	0.097
2001.207	1.478	0.097
2001.29 	1.484	0.095
2001.373	1.493	0.098
2001.457	1.501	0.102
2001.54 	1.506	0.109
2001.623	1.507	0.1
2001.707	1.506	0.109
2001.79 	1.506	0.102
2001.873	1.503	0.1
2001.957	1.519	0.086
2002.04 	1.523	0.095
2002.04 	1.523	0.095
2002.123	1.52	0.1
2002.207	1.52	0.089
2002.29 	1.521	0.093
2002.373	1.525	0.096
2002.457	1.529	0.094
2002.54 	1.53	0.094
2002.623	1.532	0.093
2002.707	1.545	0.088
2002.79 	1.539	0.09
2002.873	1.541	0.091
2002.957	1.536	0.093
2003.04 	1.539	0.091
2003.04 	1.539	0.091
2003.123	1.54	0.088
2003.207	1.541	0.089
2003.29 	1.547	0.084
2003.373	1.544	0.089
2003.457	1.552	0.088
2003.54 	1.555	0.089
2003.623	1.57	0.089
2003.707	1.571	0.087
2003.79 	1.559	0.086
2003.873	1.562	0.089
2003.957	1.57	0.089
2004.04 	1.569	0.088
2004.04 	1.569	0.088
2004.207	1.574	0.084
2004.29 	1.576	0.09
2004.373	1.573	0.094
2004.457	1.577	0.093
2004.54 	1.58	0.089
2004.623	1.584	0.088
2004.707	1.582	0.088
2004.79 	1.587	0.092
2004.873	1.593	0.089
2004.957	1.593	0.087
2005.04 	1.596	0.089
2005.04 	1.596	0.089
2005.123	1.59	0.084
2005.207	1.591	0.085
2005.29 	1.602	0.09
2005.373	1.607	0.086
2005.457	1.603	0.085
2005.54 	1.603	0.085
2005.623	1.601	0.088
2005.707	1.611	0.087
2005.79 	1.573	0.09
2005.873	1.584	0.089
2005.957	1.613	0.088
2006.04 	1.615	0.088
2006.04 	1.615	0.088
2006.123	1.615	0.086
2006.207	1.616	0.087
2006.29 	1.592	0.173
2006.373	1.622	0.089
2006.457	1.625	0.085
2006.54 	1.627	0.089
2006.623	1.637	0.088
2006.707	1.636	0.084
2006.79 	1.636	0.087
2006.873	1.635	0.087
2006.957	1.638	0.092
2007.04 	1.627	0.087
2007.04 	1.627	0.087
2007.123	1.64	0.083
2007.207	1.642	0.088
2007.29 	1.641	0.086
2007.373	1.642	0.092
2007.457	1.65	0.087
2007.54 	1.657	0.086
2007.623	1.654	0.086
2007.707	1.656	0.09
2007.79 	1.662	0.085
2007.873	1.654	0.092
2007.957	1.668	0.088
2008.04 	1.655	0.091
2008.04 	1.655	0.091
2008.123	1.668	0.09
2008.207	1.66	0.08
2008.29 	1.669	0.123
2008.373	1.672	0.109
2008.457	1.654	0.101
2008.54 	1.653	0.097
2008.623	1.664	0.086
2008.707	1.674	0.093
2008.79 	1.678	0.103
2008.873	1.674	0.093
2008.957	1.676	0.098
2009.04 	1.664	0.096
2009.04 	1.664	0.096
2009.123	1.664	0.085
2009.207	1.67	0.101
2009.29 	1.693	0.085
2009.373	1.692	0.093
2009.457	1.684	0.099
2009.54 	1.694	0.083
2009.623	1.696	0.098
2009.707	1.698	0.09
2009.79 	1.696	0.088
2009.873	1.703	0.092
2009.957	1.691	0.099
2010.04 	1.706	0.093
2010.04 	1.706	0.093
2010.123	1.693	0.096
2010.207	1.682	0.095
2010.29 	1.699	0.087
2010.373	1.678	0.087
2010.457	1.713	0.224
2010.54 	1.686	0.094
2010.623	1.697	0.097
2010.707	1.685	0.094
2010.79 	1.68	0.1
2010.873	1.662	0.119
2010.957	1.66	0.104
2011.04 	1.661	0.091
2011.04 	1.661	0.091
2011.123	1.665	0.108
2011.207	1.676	0.107
2011.29 	1.668	0.094
2011.373	1.644	0.112
2011.457	1.682	0.1
2011.54 	1.672	0.081
2011.623	1.667	0.092
2011.707	1.701	0.113
2011.79 	1.677	0.089
2011.873	1.676	0.103
2011.957	1.679	0.087
2012.04 	1.657	0.103
2012.04 	1.657	0.103
2012.207	1.659	0.093
2012.29 	1.774	0.579
2012.373	1.638	0.117
2012.457	1.721	0.16
2012.54 	1.677	0.094
2012.707	1.673	0.101
2012.79 	1.695	0.191
2012.873	1.729	0.164
2012.957	1.622	0.171
2013.04 	1.776	0.156
2013.04 	1.776	0.156
2013.123	1.633	0.228
2013.207	1.684	0.101
2013.29 	1.671	0.587
2013.373	1.662	0.217
2013.457	1.7	0.132
2013.54 	1.686	0.118
2013.623	1.727	0.318
2013.707	1.683	0.219
2013.79 	1.722	0.281
2013.873	1.703	0.104
2013.957	1.66	0.12
2014.04 	1.708	0.499
2014.04 	1.708	0.499
2014.123	1.779	0.188
2014.207	1.735	0.131
2014.29 	1.828	0.317
2014.457	1.531	0.38
2014.54 	1.693	0.224
2014.623	1.634	0.415
2014.707	1.715	0.114
2014.79 	1.682	0.21
2014.873	1.74	0.443
2014.957	1.638	0.272
2015.04 	1.929	0.565
2015.04 	1.929	0.565
2015.123	1.669	0.228
2015.207	1.672	0.204
2015.29 	1.673	0.328
2015.373	1.689	0.34
2015.457	1.651	0.315
2015.54 	1.716	0.186
2015.623	1.775	0.515
2015.707	1.637	0.525
2015.79 	1.89	0.633
2015.873	1.735	0.267
2015.957	1.628	0.4
2016.04 	1.791	0.497
2016.04 	1.791	0.497
2016.123	1.84	0.612
2016.207	1.596	0.296
2016.29 	1.817	0.686
2016.373	1.691	0.446
2016.457	1.906	0.691
2016.54 	1.384	0.767
2016.623	1.604	0.65
2016.707	1.997	0.68
2016.79 	1.77	0.455
2016.873	1.755	0.404
2016.957	1.75	0.585
2017.04 	1.696	0.383
2017.04 	1.696	0.383
2017.123	1.879	0.797
2017.207	1.705	0.421
2017.29 	1.497	0.619
2017.373	1.794	0.739
2017.457	1.979	0.992
2017.54 	1.82	0.625
2017.623	1.808	0.699
2017.707	1.834	0.502
2017.79 	1.667	0.919
2017.873	1.946	1.106
2017.957	2.039	0.632
2018.04 	1.72	0.422
2018.04 	1.72	0.422
2018.123	1.6	0.761
2018.207	1.753	0.71
2018.29 	2.02	0.779
2018.457	1.915	0.891
