#
#date       cti     errer
#
2000.123	1.654	0.181
2000.207	1.576	0.153
2000.29 	1.567	0.158
2000.373	1.578	0.158
2000.457	1.582	0.153
2000.54 	1.585	0.15
2000.623	1.695	0.236
2000.707	1.577	0.164
2000.79 	1.594	0.167
2000.873	1.594	0.158
2000.957	1.596	0.154
2001.04 	1.61	0.145
2001.04 	1.61	0.145
2001.123	1.608	0.147
2001.207	1.606	0.153
2001.29 	1.614	0.147
2001.373	1.625	0.152
2001.457	1.63	0.144
2001.54 	1.64	0.146
2001.623	1.639	0.143
2001.707	1.637	0.148
2001.79 	1.638	0.146
2001.873	1.649	0.141
2001.957	1.646	0.148
2002.04 	1.659	0.144
2002.04 	1.659	0.144
2002.123	1.659	0.142
2002.207	1.641	0.17
2002.29 	1.66	0.153
2002.373	1.658	0.142
2002.457	1.663	0.145
2002.54 	1.666	0.14
2002.623	1.669	0.142
2002.707	1.673	0.156
2002.79 	1.674	0.154
2002.873	1.673	0.15
2002.957	1.671	0.145
2003.04 	1.671	0.147
2003.04 	1.671	0.147
2003.123	1.681	0.146
2003.207	1.676	0.148
2003.29 	1.68	0.15
2003.373	1.679	0.146
2003.457	1.687	0.144
2003.54 	1.69	0.149
2003.623	1.683	0.182
2003.707	1.703	0.151
2003.79 	1.691	0.147
2003.873	1.699	0.144
2003.957	1.709	0.138
2004.04 	1.703	0.144
2004.04 	1.703	0.144
2004.207	1.709	0.146
2004.29 	1.71	0.147
2004.373	1.713	0.143
2004.457	1.712	0.146
2004.54 	1.71	0.148
2004.623	1.724	0.147
2004.707	1.715	0.151
2004.79 	1.728	0.144
2004.873	1.722	0.147
2004.957	1.722	0.15
2005.04 	1.723	0.147
2005.04 	1.723	0.147
2005.123	1.731	0.147
2005.207	1.728	0.14
2005.29 	1.736	0.144
2005.373	1.736	0.15
2005.457	1.739	0.145
2005.54 	1.741	0.151
2005.623	1.745	0.147
2005.707	1.743	0.148
2005.79 	1.71	0.152
2005.873	1.718	0.152
2005.957	1.751	0.145
2006.04 	1.746	0.143
2006.04 	1.746	0.143
2006.123	1.748	0.15
2006.207	1.748	0.152
2006.29 	1.786	0.318
2006.373	1.751	0.156
2006.457	1.761	0.151
2006.54 	1.74	0.202
2006.623	1.773	0.147
2006.707	1.77	0.145
2006.79 	1.766	0.15
2006.873	1.771	0.148
2006.957	1.773	0.147
2007.04 	1.771	0.151
2007.04 	1.771	0.151
2007.123	1.782	0.15
2007.207	1.772	0.147
2007.29 	1.838	0.273
2007.373	1.776	0.154
2007.457	1.782	0.148
2007.54 	1.779	0.147
2007.623	1.784	0.15
2007.707	1.79	0.152
2007.79 	1.788	0.145
2007.873	1.791	0.151
2007.957	1.792	0.15
2008.04 	1.75	0.193
2008.04 	1.75	0.193
2008.123	1.801	0.152
2008.207	1.795	0.148
2008.29 	1.799	0.149
2008.373	1.759	0.225
2008.457	1.817	0.149
2008.54 	1.804	0.148
2008.623	1.798	0.145
2008.707	1.811	0.148
2008.79 	1.801	0.194
2008.873	1.818	0.139
2008.957	1.842	0.192
2009.04 	1.767	0.217
2009.04 	1.767	0.217
2009.123	1.806	0.154
2009.207	1.817	0.143
2009.29 	1.819	0.191
2009.373	1.848	0.175
2009.457	1.902	0.229
2009.54 	1.83	0.135
2009.623	1.818	0.146
2009.707	1.831	0.153
2009.79 	1.832	0.147
2009.873	1.853	0.183
2009.957	1.788	0.261
2010.04 	1.84	0.145
2010.04 	1.84	0.145
2010.123	1.89	0.206
2010.207	1.871	0.187
2010.29 	1.83	0.14
2010.373	1.737	0.263
2010.457	1.925	0.427
2010.54 	1.831	0.16
2010.623	1.824	0.142
2010.707	1.82	0.143
2010.79 	1.859	0.273
2010.873	1.868	0.234
2010.957	1.798	0.155
2011.04 	1.869	0.304
2011.04 	1.869	0.304
2011.123	1.938	0.384
2011.207	1.921	0.342
2011.29 	1.857	0.353
2011.373	1.718	0.441
2011.457	1.776	0.231
2011.54 	1.837	0.138
2011.623	1.808	0.147
2011.707	1.818	0.145
2011.79 	1.707	0.508
2011.873	1.82	0.139
2011.957	1.792	0.546
2012.04 	2.065	0.418
2012.04 	2.065	0.418
2012.207	1.827	0.119
2012.29 	1.832	0.374
2012.373	1.694	0.357
2012.457	1.837	0.169
2012.54 	1.743	0.356
2012.707	1.879	0.396
2012.79 	1.822	0.27
2012.873	1.539	0.688
2012.957	1.848	0.182
2013.04 	2.095	0.44
2013.04 	2.095	0.44
2013.123	1.95	0.495
2013.207	1.918	0.255
2013.29 	1.989	0.207
2013.373	2.041	0.505
2013.457	1.798	0.39
2013.54 	2.087	0.584
2013.623	1.712	0.738
2013.707	1.787	0.238
2013.79 	1.957	0.406
2013.873	1.937	0.27
2013.957	2.062	0.503
2014.04 	1.815	0.497
2014.04 	1.815	0.497
2014.123	1.799	0.836
2014.207	1.879	0.212
2014.29 	1.876	0.508
2014.457	1.972	0.282
2014.54 	2.142	0.52
2014.623	1.889	0.449
2014.707	1.905	0.24
2014.79 	1.893	0.366
2014.873	1.771	0.62
2014.957	1.929	0.629
2015.04 	1.704	0.617
2015.04 	1.704	0.617
2015.123	2.122	0.442
2015.207	1.827	0.503
2015.29 	1.912	0.441
2015.373	1.787	0.724
2015.457	1.865	0.478
2015.54 	1.868	0.517
2015.623	1.899	0.638
2015.707	1.756	0.68
2015.79 	2.071	0.415
2015.873	2.0	0.713
2015.957	1.936	0.632
2016.04 	1.832	0.961
2016.04 	1.832	0.961
2016.123	1.751	0.769
2016.207	1.79	0.827
2016.29 	1.779	0.936
2016.373	1.735	0.735
2016.457	2.177	0.719
2016.54 	1.861	0.931
2016.623	2.268	0.979
2016.707	1.855	1.078
2016.79 	2.048	0.713
2016.873	1.964	0.75
2016.957	2.047	1.019
2017.04 	1.669	0.769
2017.04 	1.669	0.769
2017.123	1.938	0.658
2017.207	1.673	1.062
2017.29 	2.001	0.955
2017.373	1.824	0.728
2017.457	1.712	0.932
2017.54 	1.877	0.871
2017.623	1.699	0.819
2017.707	1.761	0.664
2017.79 	2.482	0.941
2017.873	2.067	0.832
2017.957	2.029	1.016
2018.04 	1.958	1.061
2018.04 	1.958	1.061
2018.123	1.702	0.948
2018.207	1.88	1.036
2018.29 	1.943	0.855
2018.457	1.814	0.931
