76813228.184	76813252.184
76914313.184	76914347.184
77246325.184	77246350.184
77330889.184	77331014.184
77415598.184	77416253.184
77848559.184	77848668.184
78453392.184	78453416.184
80182850.184	80182870.184
80715842.184	80715862.184
81997527.184	81998047.184
82445019.184	82445116.184
83212302.184	83212322.184
83739094.184	83739117.184
85036759.184	85036779.184
85805695.184	85805718.184
86231751.184	86231886.184
86578532.184	86578948.184
86590380.184	86590485.184
86846324.184	86846392.184
88579471.184	88579584.184
88838714.184	88838785.184
90379868.184	90379892.18399999
90726371.184	90726391.184
90906839.18399999	90906966.184
90980249.184	90980322.184
90981451.184	90981471.184
91069509.184	91069529.184
91768280.184	91768303.184
91942817.184	91942840.184
92291008.184	92291028.184
92367930.184	92367954.184
92368155.18400002	92368597.184
92548679.184	92548747.18399999
94109598.184	94109618.184
94957270.184	94957294.184
94958961.184	94958981.184
94966728.184	94966748.184
95482073.184	95482555.18399999
95658752.184	95658813.184
96007938.184	96008049.184
96777137.184	96777191.184
97470055.184	97470076.184
97640749.18400002	97640769.18400002
97723138.18399999	97723158.18399999
97810368.184	97810388.184
97899968.18399999	97899992.184
98342371.18399999	98342394.184
98505146.18400002	98505603.18400002
98845224.184	98845287.18400002
98846254.184	98846277.184
98855047.184	98855067.184
99376051.184	99376075.18400002
99880271.184	99880291.184
100569994.184	100570018.184
100919041.184	100919061.184
101007133.18400002	101007153.18400002
101193898.18399999	101193922.184
101279044.184	101279141.184
101625881.184	101625940.184
101788192.184	101788216.18399999
101952319.184	101952342.184
102043937.184	102043960.184
102573559.18399999	102573583.184
102914050.184	102914113.184
102999737.184	103000157.184
103173840.184	103173864.184
103606851.184	103606874.18399999
103953426.184	103953446.184
104122021.184	104122045.184
105077490.184	105077516.184
105078018.18400002	105078042.184
105078173.184	105078193.184
105078319.184	105078339.184
105583735.184	105583759.184
106026951.184	106026975.184
106363877.184	106363901.184
106366590.184	106366614.184
106805329.184	106805352.18399999
107068184.184	107068207.184
107150253.184	107150277.18399999
107233869.18400002	107233890.184
108783290.18399999	108783314.184
108790045.184	108790065.184
108790226.184	108790627.18400002
108872093.18399999	108872155.184
108961966.184	108962019.184
109039797.184	109039855.184
109733509.184	109733533.18400002
110420268.184	110420292.184
110946559.184	110946619.184
110953306.18399999	110953367.18400002
111034510.184	111034562.184
111044335.184	111044394.184
112073852.184	112073876.18399999
112076722.184	112076746.18400002
112337502.184	112337528.184
112422465.18400002	112422486.184
112581298.18400002	112581323.184
112586534.184	112586558.18399999
113019355.184	113019379.184
113022007.184	113022031.184
113110876.18400002	113110896.184
113195376.184	113195400.184
113357895.18399999	113357919.184
113365599.18400002	113365619.18400002
113371927.184	113371951.18399999
113374620.18399999	113374640.18399999
113460071.184	113460097.18399999
113544691.18399999	113544715.184
113707190.184	113707210.184
113981937.184	113981960.184
114065417.184	114065443.18399999
114497474.18400002	114497495.184
115176501.184	115176521.184
115191285.18400002	115191309.184
116573816.184	116573840.184
116899665.184	116899689.18399999
117261516.184	117261540.18400002
117431577.184	117431600.18400002
117684210.184	117684234.184
118199601.18400002	118199621.18400002
118464256.184	118464282.184
118559108.18400002	118559132.184
118645886.184	118645910.184
118719223.184	118719247.184
118893577.184	118893603.184
119503743.184	119503768.184
120628506.184	120628530.184
120789234.184	120789255.184
121824954.184	121824974.184
121912401.184	121912425.184
123137848.184	123138219.18400002
123226596.184	123226617.184
123297542.184	123297568.18399999
123388778.184	123388803.18400002
123397686.18399999	123397712.184
123482437.184	123482461.184
123482470.184	123482491.184
123555858.184	123555878.184
123555888.184	123555913.18399999
123825435.184	123825459.184
125037533.184	125037557.184
125472849.184	125472869.184
125644027.18400002	125644052.184
125895261.184	125895285.18399999
125895294.184	125895318.184
125973049.18399999	125973072.184
126147904.18399999	126147930.184
126157450.184	126157474.18400002
126159210.18399999	126159236.184
126489915.184	126489936.184
127275096.184	127275120.184
127284864.184	127284884.184
127531873.18400002	127531893.18400002
127712709.184	127712730.184
127713088.184	127713114.184
128140322.184	128140346.18400002
128140355.18399999	128140375.18399999
128220285.184	128220309.184
128237021.184	128237047.184
128402655.184	128402676.184
128567933.184	128567956.184
128570348.184	128570369.18399999
128736957.18400002	128736981.184
128738907.184	128738927.184
128910930.184	128910950.184
129183101.18399999	129183125.184
130481631.184	130481651.184
130559159.18400002	130559182.184
131600410.184	131600433.184
131674011.18400002	131674031.18400002
131674044.184	131674070.18400002
131761959.18400002	131761984.184
132799796.184	132799820.18399999
132806586.184	132806606.184
132979628.18399999	132979651.184
133231683.18400002	133231707.184
133242826.184	133242846.184
133321562.184	133321583.184
133500239.184	133500259.184
133840094.18399999	133840114.18399999
134008434.184	134008460.184
134010828.184	134010849.184
134452645.184	134452671.18400002
134611627.184	134611648.184
134698089.184	134698113.18400002
134798082.18400002	134798106.184
134963398.18400002	134963422.184
135062725.184	135062749.18400002
135927543.18400002	135927564.18400002
136004968.184	136004992.18400002
136177334.18400002	136177700.18400002
136265981.184	136266005.184
136440793.18400002	136440813.18400002
136513873.18400002	136513896.184
136952929.18400002	136952949.18400002
137030974.184	137031339.18400002
137137007.18400002	137137031.184
137474677.18400002	137474700.184
137808237.184	137808263.18400002
137813258.18400002	137813283.184
138072746.18400002	138072769.184
138166732.184	138166756.18400002
139122652.184	139122676.18400002
139200211.18400002	139200231.18400002
139282456.18400002	139282480.184
139293792.18400002	139294161.184
139538814.18400002	139538840.184
139626009.18400002	139626034.184
139631185.184	139631209.18400002
139898957.18400002	139898981.184
140152192.18400002	140152218.184
140315585.184	140315610.18400002
140330262.18400002	140330283.18400002
140333098.184	140333122.18400002
141280794.184	141280818.184
141444005.184	141444029.184
141527830.18400002	141527854.184
141629781.184	141629804.18400002
141698795.18400002	141698816.18400002
141701387.18400002	141701407.18400002
141703038.184	141703064.18400002
141705666.18400002	141705691.184
141710104.184	141710130.18400002
141797294.18400002	141797319.184
141882147.18400002	141882170.184
141888858.18400002	141888879.18400002
141969106.184	141969132.18400002
142133725.18400002	142133750.184
142229594.18400002	142229614.18400002
142234596.18400002	142234616.18400002
142475594.184	142475618.184
142481751.184	142481772.184
142656274.18400002	142656298.184
142823717.184	142823741.18400002
142911274.18400002	142911298.184
142918246.184	142918270.18400002
143350900.184	143350921.184
143529803.18400002	143529827.184
143703494.18400002	143703520.184
143868515.18400002	143868535.18400002
143952447.184	143952471.18400002
144036756.18400002	144036780.184
144212415.18400002	144212439.184
144290685.18400002	144290709.184
144292411.18400002	144292431.18400002
144651213.18400002	144651233.18400002
144911371.184	144911392.184
144991378.184	144991398.184
145152548.184	145152568.184
145159080.184	145159100.184
145603965.184	145603989.18400002
145775363.184	145775383.184
145777160.184	145777186.18400002
145940987.184	145941011.18400002
146809393.184	146809417.18400002
146896648.184	146896672.18400002
147493697.184	147493721.18400002
147668105.184	147668129.18400002
147935198.18400002	147935219.18400002
148276376.184	148276400.18400002
149565739.184	149565760.18400002
149656270.18400002	149656291.18400002
150163277.18400002	150163303.18400002
150170333.18400002	150170357.184
150170366.184	150170386.184
150257733.184	150257754.18400002
150257763.18400002	150257789.184
150346493.184	150346514.184
150432145.18400002	150432169.184
150439831.184	150439851.184
151120673.18400002	151120693.18400002
151288210.18400002	151288230.18400002
151977755.18400002	151977780.184
152066907.184	152066928.184
152601698.184	152601722.18400002
152680105.184	152680125.184
154926957.18400002	154926981.184
155007033.184	155007057.18400002
155007067.18400002	155007092.184
155089165.18400002	155089190.184
155367330.184	155367356.18400002
155438221.18400002	155438246.184
155883398.184	155883423.18400002
156050028.18400002	156050052.184
156050061.18400002	156050085.184
156218201.184	156218222.18400002
156742247.184	156742271.18400002
156907201.18400002	156907225.184
157003020.18400002	157003046.184
157088267.18400002	157088288.18400002
157178532.18400002	157178558.18400002
157256041.184	157256066.18400002
157256074.18400002	157256095.18400002
157337470.184	157337491.18400002
158119931.184	158119955.18400002
158128041.184	158128061.184
159756500.184	159756526.18400002
159757398.18400002	159757422.184
163134941.18400002	163134964.184
163476781.184	163476805.18400002
164263271.18400002	164263295.184
164347710.184	164347734.18400002
164427369.184	164427395.18400002
164434024.18400002	164434049.184
165285486.184	165285858.18400002
165456325.18400002	165456350.184
167111924.184	167111947.184
167189689.184	167189709.184
168153113.184	168153482.184
168401771.184	168401795.18400002
168483774.184	168483798.18400002
168653132.18400002	168653153.18400002
168655734.18400002	168655754.18400002
168840355.18400002	168840379.184
168916880.18400002	168917252.184
168929832.18400002	168929856.184
169102406.18400002	169102432.184
169191260.184	169191284.184
169277631.184	169277657.18400002
169355351.18400002	169355375.184
169363238.184	169363264.18400002
169440945.184	169440966.18400002
169535044.184	169535069.18400002
169613005.18400002	169613029.184
169690761.184	169690787.18400002
169696940.18400002	169696965.184
169781387.18400002	169781413.184
169789232.184	169789253.184
170470828.18400002	170470852.184
170481980.184	170482004.18400002
170917469.18400002	170917495.184
170918740.18400002	170918764.184
171160513.184	171160533.184
171250128.18400002	171250151.184
171347286.18400002	171347310.184
171431671.18400002	171431691.18400002
171599461.18400002	171599487.18400002
171850687.18400002	171850711.184
172113507.184	172113531.18400002
172203553.18400002	172203923.18400002
172289054.184	172289079.18400002
172382919.184	172382943.18400002
172455839.184	172456205.184
172474599.184	172474623.184
172542784.184	172542808.184
172550428.184	172550449.184
172560168.184	172560192.18400002
172633365.184	172633386.184
172727516.184	172727540.184
172806148.18400002	172806168.18400002
172806182.18400002	172806207.184
172895970.184	172895995.18400002
173233338.18400002	173233361.184
173319686.18400002	173319709.184
173417202.18400002	173417228.184
173507164.184	173507188.18400002
173933815.18400002	173933839.18400002
173940639.18400002	173940659.184
173940669.184	173940694.18400002
174013573.184	174013597.18400002
174615443.184	174615467.18400002
174628802.184	174629172.184
174634358.18400002	174634382.184
174874919.184	174874943.184
174892182.184	174892207.18400002
174961805.184	174961829.184
175047795.18400002	175047815.18400002
175141083.18400002	175141107.184
175306045.184	175306071.18400002
175400863.184	175400887.184
175923936.18400002	175924306.184
176002216.18400002	176002239.184
176272683.18400002	176272707.184
176273657.18400002	176273681.184
177051256.184	177051276.184
177139999.184	177140022.18400002
177304416.184	177304436.184
177393192.18400002	177393213.18400002
178088833.18400002	178088853.18400002
178162325.184	178162346.184
178250636.18400002	178250660.18400002
178342970.18400002	178342990.18400002
178507271.184	178507295.18400002
178684147.18400002	178684168.18400002
179377905.18400002	179377929.18400002
179467950.184	179467970.184
179810943.18400002	179810967.184
179891399.184	179891423.18400002
180576100.184	180576126.184
180670543.184	180670564.184
180840681.184	180840702.184
180850187.18400002	180850211.184
180855595.184	180855621.18400002
180941115.184	180941139.184
180941148.18400002	180941168.18400002
181098071.18400002	181098094.184
181098104.18400002	181098130.18400002
181105112.18400002	181105136.18400002
181790461.18400002	181790485.184
181880847.18400002	181880871.18400002
181959504.18400002	181959528.18400002
181967608.18400002	181967977.184
182133013.184	182133037.18400002
182146215.184	182146238.18400002
182318177.184	182318202.184
182393507.18400002	182393531.18400002
182393541.184	182393561.184
182822775.18400002	182822795.18400002
183007769.184	183007793.184
183098496.184	183098516.184
186286710.18400002	186286733.18400002
186457581.184	186457601.18400002
186644117.184	186644139.184
186895408.184	186895432.184
187401736.18400002	187401759.184
187409692.18400002	187409712.18400002
187584955.18400002	187584979.18400002
187673859.18400002	187673879.18400002
187927187.184	187927212.184
187939358.184	187939379.184
188276112.18400002	188276137.18400002
188277028.18400002	188277052.18400002
188278721.18400002	188278746.184
188283974.18400002	188283998.18400002
188354831.18400002	188354857.18400002
188445013.184	188445379.18400002
190178571.184	190178597.184
190344685.184	190344710.18400002
193625345.184	193625369.18400002
193628608.18400002	193628629.18400002
193800899.184	193800923.184
194231042.18400002	194231066.18400002
194231076.184	194231101.18400002
194240328.184	194240349.184
194314726.18400002	194314748.18400002
194317604.18400002	194317625.18400002
195179469.184	195179491.184
195267014.18400002	195267038.184
195362692.184	195362718.18400002
195610736.184	195610757.184
195801473.18400002	195801493.18400002
195957288.184	195957312.184
195963991.18400002	195964011.18400002
196048750.184	196048770.184
196131842.18400002	196131866.18400002
196140179.18400002	196140199.18400002
196302724.184	196302748.184
196487756.184	196487776.184
196925177.184	196925547.18400002
197009442.18400002	197009466.18400002
197009475.184	197009501.18400002
197177023.18400002	197177047.18400002
197516818.184	197516842.18400002
197688660.184	197688684.184
197701687.184	197701711.184
197867454.184	197867478.184
198556949.184	198556969.184
198638169.184	198638193.184
198807823.18400002	198808194.184
198812910.184	198812931.184
200024137.18400002	200024162.184
200034598.18400002	200034619.18400002
200201860.18400002	200201886.184
200209180.18400002	200209205.18400002
200374902.184	200374928.184
200450907.18400002	200450928.18400002
201315719.184	201315739.184
201672787.184	201672811.184
201754054.18400002	201754077.18400002
202015441.18400002	202015464.18400002
202093305.18400002	202093329.18400002
202281067.184	202281087.184
202444026.18400002	202444052.18400002
202528672.184	202528697.18400002
202532312.18400002	202532336.18400002
202611823.18400002	202611843.18400002
202699763.184	202699786.184
202783779.184	202783803.184
204165498.18400002	204165869.18400002
204176726.184	204177097.184
204339083.184	204339113.18400002
204351833.18400002	204351857.18400002
204524463.184	204524489.184
204601607.18400002	204601628.18400002
204951450.18400002	204951474.18400002
204959191.184	204959215.18400002
204959220.18400002	204959246.184
205032780.184	205032804.184
205036952.184	205036976.18400002
205044908.184	205044928.184
205218591.18400002	205218615.18400002
205388644.184	205388668.184
205980768.18400002	205981139.184
206243278.184	206243302.18400002
206596331.18400002	206596357.184
206687096.18400002	206687121.18400002
207965973.184	207965996.184
207968736.184	207968756.184
207976186.18400002	207976209.18400002
208054227.18400002	208054247.18400002
208225914.184	208225935.18400002
208237477.18400002	208237501.184
209531316.184	209531339.184
209609162.184	209609186.184
209870176.18400002	209870202.18400002
210048411.184	210048435.18400002
210051488.184	210051514.18400002
210302312.184	210302333.184
210403542.184	210403568.18400002
210482112.184	210482133.184
210660961.18400002	210660985.18400002
210729735.18400002	210729755.18400002
210729763.184	210729789.18400002
210741030.18400002	210741055.184
210917180.18400002	210917203.18400002
210999312.18400002	210999336.18400002
211180223.184	211180243.184
212977243.18400002	212977267.18400002
212985103.18400002	212985123.18400002
212986942.184	212987308.18400002
212990121.184	212990141.184
212993728.184	212993752.184
213162312.18400002	213162335.18400002
213239612.184	213239636.18400002
213252700.18400002	213252721.18400002
213498318.184	213498344.18400002
213601203.18400002	213601224.18400002
214543769.184	214543793.184
214547250.18400002	214547274.18400002
215236652.18400002	215236673.184
215398142.184	215398162.184
215401443.18400002	215401463.18400002
215569157.184	215569181.18400002
215828433.184	215828457.184
215921893.18400002	215921916.18400002
217488358.184	217488385.18400002
217561572.184	217561593.184
217561600.184	217561624.18400002
217647915.184	217647938.184
217819272.184	217819295.18400002
217824868.184	217824888.184
218002911.184	218002931.184
218083428.184	218083448.184
218086187.184	218086210.184
218092795.18400002	218092819.184
218253776.18400002	218253799.18400002
218259632.18400002	218259652.18400002
219371682.18400002	219371706.184
219376586.18400002	219376606.18400002
219380112.18400002	219380137.18400002
219557585.18400002	219557610.184
221098598.184	221098619.184
221105069.184	221105089.184
222830887.184	222830913.18400002
222913135.184	222913156.184
222919029.184	222919049.184
222921768.184	222921788.184
223530058.18400002	223530084.184
223536878.184	223536902.18400002
223695921.184	223695947.18400002
223701095.184	223701116.184
224385593.18400002	224385617.18400002
224388662.184	224388685.184
225262559.18400002	225262585.18400002
225263380.18400002	225263401.184
225595917.18400002	225595937.18400002
225607757.184	225607780.18400002
225860543.184	225860908.18400002
225862738.18400002	225862762.184
226120350.18400002	226120374.184
226203499.184	226203519.184
226990389.184	226990413.184
227079586.18400002	227079606.18400002
228366516.184	228366540.184
228374341.184	228374361.184
228620997.184	228621023.18400002
228628688.18400002	228628712.18400002
228711484.184	228711504.184
228792733.18400002	228792754.18400002
228963660.184	228963684.18400002
228971506.18400002	228971530.18400002
229914882.18400002	229914908.184
230091103.184	230091127.184
230169874.18400002	230169900.184
230176844.18400002	230176864.18400002
230358465.184	230358491.18400002
230430717.18400002	230430741.18400002
230966517.184	230966543.184
231038460.18400002	231038481.18400002
231470217.18400002	231470243.18400002
231476913.18400002	231476934.18400002
232172540.18400002	232172564.184
232263521.18400002	232263544.18400002
232346374.184	232346400.184
232417951.184	232417976.18400002
232417983.18400002	232418003.18400002
232680467.184	232680487.184
232690055.184	232690075.184
232849424.18400002	232849793.184
232849801.18400002	232849827.184
232856047.184	232856068.184
232862009.18400002	232862031.18400002
233036468.184	233036489.184
233382206.184	233382232.18400002
233455621.184	233455642.184
233811814.18400002	233811840.184
233888463.18400002	233888487.18400002
233981758.18400002	233981783.184
234064758.18400002	234064778.18400002
234064786.184	234064810.184
234077808.18400002	234077832.184
234672101.18400002	234672125.18400002
234749290.18400002	234749313.18400002
234922981.18400002	234923004.18400002
234927128.18400002	234927152.18400002
235198380.18400002	235198403.18400002
235269471.184	235269495.18400002
236049549.184	236049573.184
236060427.184	236060451.184
236233314.18400002	236233337.18400002
236238049.184	236304082.184
237005053.184	237005073.184
237175849.184	237175869.184
237436225.18400002	237436245.18400002
237445426.184	237445446.184
237687596.184	237687616.184
237701362.18400002	237701385.18400002
237703020.184	237703044.184
237865502.18400002	237865522.18400002
238130647.18400002	238130668.184
238217336.18400002	238217360.18400002
238993032.18400002	238993058.18400002
238997653.184	238998019.18400002
239504539.184	239504564.18400002
239515001.184	239515026.18400002
239682770.18400002	239682790.18400002
239688517.184	239688537.184
239690253.18400002	239690274.18400002
239780293.184	239780317.184
239852954.184	239852980.18400002
239934723.18400002	239934748.184
239939070.18400002	239939093.184
239950543.18400002	239950563.18400002
240198492.184	240198512.184
240210651.18400002	240210675.18400002
240372830.18400002	240372851.18400002
240382423.18400002	240382447.18400002
240459952.18400002	240459975.184
240624292.18400002	240624316.184
240643223.184	240643246.18400002
240723701.184	240723722.184
240900674.184	240900694.184
240903336.184	240903357.184
241248183.184	241248193.18400002
241334567.18400002	241335329.18400002
241505579.18400002	241505605.18400002
241580808.18400002	241580833.184
241752586.184	241752606.184
241837502.18400002	241837526.18400002
242278058.18400002	242278081.18400002
242442257.184	242442278.184
242962052.18400002	242962075.18400002
242964661.184	242964685.184
243478825.18400002	243478851.18400002
243486670.18400002	243486691.18400002
244095948.184	244095972.18400002
244098675.18400002	244098695.18400002
244602313.184	244602339.184
244610042.184	244610063.18400002
244776685.184	244776708.18400002
244782938.184	244782958.184
244962243.18400002	244962264.184
245034916.18400002	245034940.18400002
245135503.184	245135874.18400002
245208553.18400002	245208578.18400002
245208582.184	245208606.184
245212408.18400002	245212777.184
245212786.18400002	245212812.184
245215623.18400002	245215648.184
246075949.18400002	246075973.18400002
246153995.18400002	246154019.184
246328652.18400002	246328676.18400002
246338898.18400002	246338918.18400002
246591833.184	246591853.184
246594771.184	246594791.184
246678142.184	246678166.18400002
246765665.184	246765689.184
247018947.18400002	247018970.184
247030948.184	247030972.18400002
247036992.18400002	247037017.184
247111893.18400002	247111917.18400002
247115731.18400002	247115757.184
247204506.18400002	247204531.18400002
247289324.18400002	247289349.184
247364474.184	247364494.184
247367991.184	247368017.18400002
247456579.18400002	247456604.18400002
247714225.184	247714249.18400002
247717661.184	247717681.184
247801341.184	247801365.18400002
247806652.18400002	247806672.18400002
247894005.18400002	247894029.184
247968565.18400002	247968931.18400002
247973698.184	247973718.184
247983668.184	247983688.184
248147136.184	248147157.184
248154800.184	248154821.184
248847144.18400002	248847168.184
248926614.18400002	248926638.184
249360963.184	249360987.184
249438974.18400002	249438998.18400002
249628864.184	249628888.18400002
249712611.18400002	249712631.18400002
249783599.184	249783623.18400002
249789560.18400002	249789584.18400002
249792892.18400002	249792912.18400002
249869893.184	249869913.184
249876027.184	249876047.184
249881845.184	249881869.184
249969195.184	249969219.184
249975149.18400002	249975173.184
250402198.18400002	250402221.18400002
250475566.184	250475586.184
250491301.18400002	250491324.18400002
250562216.18400002	250562236.18400002
250822310.18400002	250822334.18400002
250906038.184	250906062.184
250906070.18400002	250906096.184
250911024.184	250911048.184
251006237.184	251006263.18400002
251096153.184	251096178.18400002
251181644.18400002	251181670.18400002
251251420.184	251251441.184
251426729.18400002	251426755.18400002
251436534.184	251436558.18400002
252046320.18400002	252046344.18400002
252126713.184	252126733.184
252297983.18400002	252298004.18400002
252378421.18400002	252378787.184
252471287.184	252471310.184
252549435.18400002	252549455.18400002
252989850.18400002	252989870.18400002
252995950.18400002	252995970.18400002
253504725.18400002	253504745.18400002
253599741.18400002	253599765.184
253850535.18400002	253850561.18400002
253858154.184	253858179.18400002
253947939.18400002	253947959.18400002
254114683.18400002	254114703.18400002
254198572.184	254198596.18400002
254204747.184	254204767.184
254545768.18400002	254545793.18400002
254546599.18400002	254546624.18400002
254546631.184	254546651.184
254629577.184	254629601.184
254633446.184	254633466.184
254727358.184	254727381.18400002
255054820.18400002	255054844.184
255065099.18400002	255065119.18400002
255238063.18400002	255238089.184
255331332.18400002	255331353.18400002
255761468.18400002	255761492.184
255830959.184	255830979.184
255835937.18400002	255835963.184
255919960.184	255920330.18400002
256177382.18400002	256177406.18400002
256190045.18400002	256190065.18400002
256190074.184	256190099.184
256358519.18400002	256358543.18400002
257130180.184	257130201.18400002
257142391.18400002	257142415.18400002
257312297.18400002	257312321.18400002
257315046.184	257315069.184
257924216.184	257924240.18400002
257994225.18400002	257994249.18400002
258509923.18400002	258509949.18400002
258525614.184	258525638.184
258614707.18400002	258614732.18400002
258685469.18400002	258685493.184
258773744.184	258774113.184
258866180.184	258866201.18400002
259376766.18400002	259376790.184
259382726.184	259382750.184
259463172.184	259463192.184
259556141.184	259556165.184
259556173.18400002	259556199.18400002
259558861.184	259558885.184
260153137.18400002	260153160.184
260250093.18400002	260250114.18400002
260341024.18400002	260341050.184
260414124.18400002	260414149.184
260496998.184	260497024.18400002
260508561.18400002	260508585.184
260589528.184	260589554.184
260600888.184	260600912.18400002
260683848.184	260683873.184
260761564.18400002	260761585.18400002
260761592.184	260761616.184
260773919.18400002	260774284.184
261121040.18400002	261121061.18400002
261197816.18400002	261197840.184
261282349.18400002	261282369.18400002
261373444.184	261373467.184
261540903.184	261540926.184
261624885.184	261624909.18400002
261708450.18400002	261708474.18400002
261716388.184	261716408.184
261893252.184	261893278.184
261896083.18400002	261896104.18400002
262157718.184	262157740.18400002
262231046.18400002	262231067.184
262231075.184	262231098.18400002
262314806.184	262314830.184
262838802.18400002	262838827.184
262846406.18400002	262846430.184
263088437.184	263088462.184
263095213.184	263095237.18400002
263535755.18400002	263535775.18400002
263794379.18400002	263794402.18400002
263962891.18400002	263962911.18400002
263967213.184	263967237.18400002
264134422.18400002	264134442.18400002
264318004.18400002	264318025.18400002
264400993.184	264401362.18400002
264473335.18400002	264473355.18400002
264655590.184	264655614.184
264733998.18400002	264734022.18400002
264913294.18400002	264913319.184
264989906.18400002	264989931.184
265776392.184	265776418.18400002
265781664.18400002	265782034.18400002
266214035.18400002	266214056.18400002
266217862.184	266217882.184
266548542.18400002	266548566.184
266640328.184	266640351.184
267077576.18400002	267077597.18400002
267156827.184	267156850.18400002
267243501.184	267243525.184
267408335.18400002	267408359.184
267423073.184	267423093.184
267428019.184	267428043.18400002
267860121.18400002	267860145.18400002
267929973.184	267929993.184
268205149.18400002	268205170.18400002
268277607.18400002	268277631.18400002
268369258.184	268369278.184
268373166.18400002	268373189.184
268540096.184	268540116.184
268543760.184	268543784.184
268543789.184	268543819.184
268625002.184	268625026.184
268625030.184	268625054.184
268709700.184	268709720.184
268709728.184	268709754.184
268809865.184	268809889.184
269147507.184	269147530.184
269152036.184	269152059.184
269492381.184	269492405.184
269753170.184	269753190.184
269932172.184	269932193.184
270089291.184	270089311.184
270104844.184	270104870.18399996
270105659.184	270105684.18399996
270441206.184	270441572.184
270527322.18399996	270527342.18399996
270536750.18399996	270536776.184
270610330.184	270610354.184
271305945.184	271305970.184
271311258.184	271311628.184
271402770.184	271402790.184
271739774.184	271739798.184
271741941.184	271741961.184
271745768.184	271745788.184
271746554.184	271746575.184
271818872.184	271818893.18399996
272177563.184	272177587.184
272249421.184	272249442.184
272352082.184	272352106.184
272427138.184	272427162.184
272598427.184	272598453.184
272782276.184	272782297.18399996
273724177.184	273724203.184
273734310.184	273734334.184
273976412.18399996	273976437.184
273986201.184	273986571.184
274075952.184	274075977.184
274161496.184	274161517.184
276063014.184	276063038.184
276068252.184	276068276.18399996
276750890.184	276750914.184
276756848.184	276756868.184
276829381.184	276829402.184
276932429.184	276932450.184
277004051.184	277004074.184
277014104.184	277014124.184
277173039.184	277173062.184
277183667.184	277183691.184
277693141.18399996	277693165.184
277700036.184	277700060.184
277878901.184	277878927.184
278048648.18399996	278048669.184
279084214.184	279084235.184
279177517.184	279177537.184
281060491.184	281060512.184
281068203.184	281068226.184
281159727.184	281159750.184
281162980.184	281163000.184
281246316.184	281246340.18399996
281319840.184	281320206.184
281497711.184	281497732.184
281505322.18399996	281505342.18399996
281507311.184	281507331.184
281579834.184	281579855.184
281760877.184	281760898.184
282097796.184	282097819.184
282374569.184	282374593.184
282625801.184	282625821.184
282885770.184	282885790.184
282892753.184	282892777.184
282968994.184	282969019.18399996
283149363.184	283149387.184
283219604.18399996	283219628.184
283226612.18399996	283226636.184
283319569.184	283319594.184
283325134.184	283325158.184
284015208.184	284015228.184
284016387.184	284016757.184
284535138.184	284535163.184
284695007.184	284695031.184
285213606.184	285213630.184
285214725.18399996	285214745.18399996
285731320.18399996	285731345.184
285738794.184	285738818.184
286856183.184	286856206.18399996
286868071.184	286868094.184
287038390.184	287038414.184
287285569.184	287285590.184
287641308.184	287641333.184
287716828.184	287716852.18399996
287894404.184	287894424.184
288144292.184	288144316.184
288144324.18399996	288144350.184
288154875.184	288154899.184
288768376.184	288768746.184
289271725.184	289271745.184
289280381.184	289280402.184
289285763.184	289285783.184
289531757.184	289531782.184
289615780.184	289615804.18399996
289787681.184	289787707.184
289872575.184	289872942.184
289961403.184	289961423.184
289969112.184	289969136.184
290060558.184	290060582.184
290064075.184	290064098.184
290148192.184	290148558.18399996
290221210.184	290221233.184
290231576.184	290231601.184
290236675.184	290236700.184
290312753.184	290312776.184
290400202.184	290400222.184
290566025.18399996	290566049.184
290658361.18399996	290658385.184
290660080.184	290660105.184
290660508.184	290660529.184
290660537.184	290660906.184
290738856.184	290738876.184
290746555.184	290746576.184
290753354.184	290753374.184
290838262.184	290838285.184
290908875.184	290908895.184
291089813.184	291089833.184
291098163.184	291098187.184
291341136.184	291341160.184
291349022.184	291349042.184
291442283.184	291442303.184
291601996.184	291602020.184
291692808.184	291692829.184
291787574.184	291787598.18399996
292986027.184	292986053.184
293000820.184	293000844.184
293158885.184	293158906.184
293167804.184	293167828.184
293597720.184	293597746.184
293605463.184	293605487.184
295245570.184	295245593.184
295323362.184	295323383.184
295420710.184	295420734.184
295583556.184	295583576.184
295749471.18399996	295749495.184
295762102.184	295762126.184
295852175.184	295852199.184
296273495.184	296273519.184
297308541.18399996	297308566.184
297484402.184	297484772.184
298181552.184	298181576.184
298184678.184	298184698.184
299121324.184	299121344.184
299129022.184	299129042.184
299211145.184	299211166.184
299301894.184	299301918.184
299382488.184	299382511.184
299471375.184	299471399.184
300430605.184	300430629.184
300431873.184	300431893.184
300513557.184	300513577.184
300514977.184	300515000.184
300516642.184	300516666.184
300517542.184	300517566.184
300758681.184	300758702.184
300762907.184	300762928.184
300762936.184	300762961.184
300770734.184	300770755.18399996
300770763.184	300770787.184
300774994.184	300775014.184
301371416.184	301371440.184
301449979.184	301450003.18399996
301899215.184	301899239.184
302061465.184	302061489.184
302751170.184	302751190.184
303024248.184	303024271.184
303440832.184	303441198.184
303453717.184	303453741.18399996
303454527.184	303454553.184
303610124.18399996	303610145.184
303699064.18399996	303699090.184
303708671.184	303709037.184
304218390.184	304218414.184
304315927.184	304315950.184
304317344.18399996	304317369.184
304391725.184	304391749.184
304402178.184	304402198.184
304568309.184	304568329.184
304820471.184	304820494.184
304833284.18399996	304833307.184
304914629.184	304914653.184
305083152.18399996	305083176.184
305258387.184	305258413.18399996
305269730.18399996	305269751.184
305351896.184	305351921.18399996
305444425.184	305444449.184
305515744.184	305515771.184
305524747.184	305524768.184
305695624.184	305695650.184
305770088.184	305770109.184
305857320.184	305857346.184
305951597.184	305951618.18399996
305951971.184	305951995.18399996
305961820.184	305961840.184
305961848.184	305961874.184
306031068.184	306031089.18399996
306134354.184	306134379.184
306209876.184	306209900.184
306293675.184	306293700.184
306300336.18399996	306300361.184
306902827.184	306902849.184
306993508.184	306993532.184
307161786.184	307161812.184
307164603.184	307164627.184
308206365.184	308206388.184
308455240.184	308455263.184
308455272.18399996	308455297.184
308545707.184	308545731.184
308545735.184	308545759.184
308799363.184	308799732.184
310962385.184	310962410.184
311051473.184	311051497.184
311480343.184	311480709.184
311486848.184	311486868.184
312786619.184	312786642.184
312858984.184	312859004.184
313375105.184	313375474.184
313381801.18399996	313381825.184
315110525.184	315110551.184
315111666.18399996	315111686.18399996
316922665.184	316922690.184
316934457.184	316934481.184
317360589.18399996	317360615.184
317450368.184	317450392.184
319682304.184	319682670.184
319771683.184	319771704.184
320285257.184	320285280.184
320302310.184	320302330.184
321844760.184	321844786.184
321845715.184	321845736.184
323655596.184	323655617.18399996
323665295.184	323665319.184
323829305.184	323829325.184
323839510.184	323839533.184
324692502.184	324692522.184
324952638.184	324952662.184
324962876.184	324962900.184
324967922.184	324967946.184
324968984.184	324969008.18399996
325042562.184	325042931.184
325139985.184	325140010.184
325296065.184	325296086.18399996
325394565.184	325394589.184
325484538.184	325484558.184
326082809.184	326083180.184
326171775.184	326171799.18399996
326609744.184	326609764.184
326696248.184	326696618.184
326949061.18399996	326949087.184
326956312.184	326956682.184
327284219.18399996	327284245.184
327291338.184	327291363.184
327648159.184	327648179.184
327729491.184	327729515.184
327899301.184	327899324.18399996
327985032.184	327985052.184
328153722.184	328153748.184
328167201.184	328167225.184
330836033.184	330836055.184
330913907.184	330913931.184
331100774.184	331100799.184
331174351.184	331174371.184
331272762.184	331272785.184
331353677.184	331353701.184
331353709.184	331353734.18399996
331434949.184	331434969.184
331434978.184	331435001.184
331439507.184	331439530.184
331609540.18399996	331609564.184
331615803.184	331615823.184
331691480.184	331691501.184
331777227.184	331777250.184
331789889.184	331789910.184
331863537.184	331863558.18399996
332560123.184	332560147.184
332568656.18399996	332568676.18399996
334032868.184	334032893.184
334040216.18399996	334040240.184
335664423.18399996	335664447.184
335673764.184	335673787.184
335849966.184	335849990.18399996
335924625.184	335924995.18399996
336114625.184	336114645.184
336202399.18399996	336202423.184
336807595.18399996	336807615.18399996
336978274.184	336978297.184
337059556.184	337059576.184
337140884.184	337140904.184
337998171.184	337998196.18399996
338084296.184	338084320.18399996
338185420.184	338185445.184
338264308.184	338264329.184
338439556.184	338439582.184
338524289.184	338524313.184
338689362.184	338689388.184
338698510.18399996	338698531.184
338876869.18399996	338876894.184
338953369.184	338953393.184
339046878.184	339046903.184
339127214.18399996	339127238.184
339740849.18399996	339740870.184
339830718.184	339830742.18399996
339999056.18399996	339999082.184
340089493.184	340089517.184
340433487.184	340433511.184
340506180.18399996	340506200.18399996
340954358.18399996	340954382.184
341125547.184	341125567.184
342244651.184	342244672.184
342249865.184	342249888.184
342329396.184	342329419.184
342337085.184	342337109.184
342501399.18399996	342501765.184
342509893.184	342509917.18399996
342593363.184	342593384.184
342757574.184	342757594.184
342768177.184	342768197.184
342840787.184	342840807.184
342849351.184	342849374.184
342940924.18399996	342940945.18399996
343354548.184	343354568.184
343372942.184	343372962.184
343443793.184	343443817.184
343623656.184	343623677.184
343714119.184	343714143.184
343788674.184	343788698.184
343966564.184	343966588.184
344146013.184	344146034.184
344313729.184	344313753.184
344319824.184	344319845.184
344393985.184	344394009.184
344396626.184	344396646.184
344407367.184	344407391.184
344483874.18399996	344483898.184
344662168.184	344662188.184
344752002.184	344752025.184
344829422.184	344829446.184
344915043.184	344915063.184
345010363.184	345010387.184
345086413.184	345086437.184
345092189.18399996	345092209.18399996
345101963.184	345101987.184
345255618.18399996	345255642.184
345263409.184	345263429.184
345442113.184	345442137.18399996
345514885.184	345514905.184
345699728.18399996	345699748.18399996
345945788.184	345945812.184
345958158.184	345958180.184
346032562.18399996	346032931.184
346040013.184	346040034.184
346212870.184	346212894.184
346218102.184	346218122.184
346291533.184	346291553.184
346297428.184	346297451.184
346383060.184	346383084.184
346383092.184	346383117.184
346387251.184	346387276.18399996
346387283.184	346387307.184
346472160.184	346472181.184
346483947.184	346483967.184
346569862.18399996	346569882.18399996
346569891.184	346569916.184
346639859.184	346639883.18399996
346639891.184	346639911.184
346821372.184	346821392.184
346823880.184	346823905.184
346828781.184	346828804.18399996
346904351.184	346904717.184
347072781.184	347072804.184
347330113.184	347330134.184
347424985.184	347425009.18399996
347516561.184	347516585.184
347591934.184	347591958.184
347850954.18399996	347850978.184
347860560.184	347860584.184
347953071.184	347953096.18399996
348106620.18399996	348106644.184
348116140.184	348116164.184
348119050.184	348119070.184
348200871.184	348200891.184
348206007.184	348206031.184
348371087.184	348371107.184
348452245.184	348452269.184
348456493.184	348456514.184
348540310.184	348540330.184
348540338.184	348540362.184
348543983.184	348544003.184
348544011.184	348544036.184
348555190.184	348555214.184
348638401.18399996	348638767.184
348721036.184	348721060.184
348725434.184	348725458.184
348799858.184	348799882.184
348799890.184	348799912.184
348803046.184	348803071.184
348809100.184	348809120.184
348975085.184	348975109.184
349075941.184	349075965.184
349144422.184	349144446.184
349146346.184	349146367.184
349161595.184	349161615.184
350615830.184	350615853.18399996
350617817.18399996	350618187.184
350959529.184	350959554.184
350964989.184	350965009.184
351835040.184	351835063.184
351839092.18399996	351839116.184
352172950.184	352172974.184
352175394.184	352175418.184
352272870.184	352272894.184
352343663.184	352343684.184
352425960.184	352425980.184
352429615.184	352429635.184
352525174.184	352525194.184
352529704.184	352529728.184
353127686.18399996	353127711.184
353128533.184	353128557.184
353295067.18399996	353295087.18399996
353384814.184	353384838.184
353563627.184	353563651.184
353567485.184	353567505.184
353653549.184	353653569.184
353725182.184	353725203.184
353726868.18399996	353726889.18399996
353732130.18399996	353732151.184
354595438.18399996	354595459.184
354603189.184	354603209.184
354846598.184	354846622.18399996
354854517.18399996	354854538.184
355033263.184	355033283.184
355110243.184	355110264.18399996
355285094.18399996	355285117.184
355296069.184	355296092.18399996
355381792.184	355381812.18399996
355551042.18399996	355551066.184
355722986.184	355723010.18399996
355799888.184	355799908.184
356664763.184	356664783.184
356673137.184	356673161.184
356749314.184	356749339.184
356756945.18399996	356756969.184
356756977.184	356756997.184
356764296.18399996	356764320.184
357102899.184	357102922.184
357109845.184	357109869.184
357800139.18399996	357800163.184
358043662.18399996	358043682.184
358482464.184	358482488.18399996
358564623.184	358564646.184
358653875.184	358654244.184
358733345.18399996	358733369.184
359528786.184	359528810.18399996
359596886.184	359596910.18399996
359862202.184	359862227.18399996
359869981.184	359870005.18399996
360120002.18399996	360120026.184
360306280.184	360306301.18399996
362451999.18399996	362452023.184
362621059.184	362621082.184
362629008.18399996	362629032.184
362719823.18399996	362719847.184
363244808.18399996	363244831.184
363316855.184	363316878.18399996
367645141.18399996	367645166.184
367734424.184	367734445.184
368600042.184	368600066.18399996
368680197.184	368680221.184
368763321.184	368763345.184
368772167.184	368772188.18399996
369023609.18399996	369023980.184
369032104.18399996	369032127.184
369971152.184	369971176.184
369976262.18399996	369976282.184
370231439.184	370231464.184
370242551.184	370242575.18399996
370580140.184	370580165.184
370665009.18399996	370665029.184
370669140.18399996	370669164.184
370845351.18399996	370845371.184
370848101.184	370848126.18399996
370934416.18399996	370934439.184
371540304.184	371540329.184
371613518.184	371613542.18399996
371613547.184	371613570.184
371619854.18399996	371619877.184
371960069.184	371960093.18399996
371968727.184	371968751.18399996
372474373.184	372474398.18399996
372489008.18399996	372489029.184
372733580.184	372733601.18399996
372747950.184	372747974.18399996
372902803.184	372902823.18399996
372908022.184	372908043.184
373007998.184	373008022.184
373092905.18399996	373092928.184
373339773.184	373339797.18399996
373342444.184	373342468.184
373440835.184	373440859.184
373526327.18399996	373526347.184
374029521.18399996	374029547.184
374035223.184	374035244.18399996
374474948.18399996	374474971.184
374640398.18399996	374640421.184
374719713.184	374719738.184
374721506.184	374721527.184
374906109.18399996	374906134.184
374907907.184	374907931.18399996
374907936.18399996	374907959.184
374981302.184	374981322.184
374993375.184	374993400.184
375066799.18399996	375066823.184
375243112.184	375243137.18399996
375244408.18399996	375244773.184
375513691.18399996	375513711.184
375595869.184	375595892.184
376015643.184	376015666.184
376105601.184	376105625.18399996
376201574.184	376201594.18399996
376285462.184	376285486.18399996
376794262.184	376794287.18399996
376892825.184	376892845.184
376982390.184	376982415.18399996
377060341.184	377060365.184
377241077.184	377241102.184
377325390.18399996	377325414.184
377672735.18399996	377672760.184
377751547.18399996	377751571.184
377751579.184	377751600.184
377756652.184	377756672.18399996
377756680.18399996	377756705.184
377835314.184	377835337.18399996
377835346.184	377835366.18399996
377921624.184	377921644.184
377921652.18399996	377921677.184
377933789.184	377933809.184
377933817.184	377933841.18399996
378004585.184	378004605.184
378011516.184	378011541.18399996
378087377.184	378087401.184
378173827.18399996	378173851.184
378189767.184	378189788.18399996
378352071.184	378352095.184
378357229.18399996	378357252.184
378538386.184	378538409.18399996
378609413.184	378609437.18399996
378790845.184	378790869.184
378797611.184	378797635.184
378958598.184	378958622.184
378962139.18399996	378962159.184
379042079.18399996	379042102.184
379049888.184	379049912.184
379210080.184	379210101.184
379212553.184	379212573.18399996
379228235.184	379228255.18399996
379301453.184	379301477.18399996
379396671.184	379396691.18399996
379398225.184	379398245.184
379480273.18399996	379480296.184
379487011.18399996	379487031.184
379816507.184	379816527.184
379920042.184	379920065.184
380171610.184	380171630.18399996
380176839.184	380176863.18399996
380423128.18399996	380423148.184
380427416.18399996	380427439.184
380606298.184	380606324.18399996
380680557.184	380680577.18399996
381302415.18399996	381302440.184
381369729.184	381369753.18399996
381458816.18399996	381458841.184
381464085.184	381464105.184
381636082.184	381636108.184
381646384.18399996	381646407.184
381807031.18399996	381807053.184
381889975.18399996	381889996.184
381991171.184	381991195.184
382064522.18399996	382064543.184
382074917.184	382074941.184
382165059.18399996	382165429.184
382410875.18399996	382410898.184
382421465.184	382421486.18399996
382426608.18399996	382426632.184
382498192.18399996	382498216.184
382502580.184	382502605.18399996
382508610.184	382508634.18399996
383539683.18399996	383540053.184
383618299.18399996	383618669.184
384826964.184	384826988.18399996
384831308.18399996	384831328.184
384831336.184	384831361.184
384920330.18399996	384920353.184
384920707.184	384920728.18399996
384932183.184	384932207.18399996
385002087.18399996	385002107.184
385008082.18399996	385008103.184
385009302.184	385009327.184
385014476.18399996	385014497.184
385171301.184	385171322.184
385258792.184	385258816.184
385450565.18399996	385450590.184
385517008.184	385517032.18399996
386123587.184	386123611.18399996
386135749.184	386135769.18399996
386227394.184	386227415.184
386300091.184	386300111.18399996
386311998.184	386312023.18399996
386391403.184	386391427.184
386469228.184	386469253.18399996
386481551.184	386481575.184
387598588.184	387598609.18399996
387610503.184	387610523.18399996
388030246.184	388030270.184
388110844.184	388110864.184
388204201.18399996	388204226.184
388205869.18399996	388205889.184
388205898.184	388205921.184
388300917.184	388300938.184
388457546.184	388457569.18399996
388474575.184	388474599.18399996
388732971.18399996	388732994.184
388807897.18399996	388807921.184
388817648.184	388817670.184
388895444.18399996	388895464.184
388895473.184	388895496.184
388904613.18399996	388904637.184
392093197.18399996	392093221.184
392183615.184	392183639.184
393295039.184	393295064.184
393304099.184	393304120.184
393472631.184	393472651.184
393568854.184	393568874.184
393725060.184	393725084.184
393731971.184	393731995.184
394164644.184	394164667.184
394176993.184	394177017.184
394592774.184	394592798.18399996
394598019.184	394598389.184
395112832.18399996	395112857.184
395194894.184	395194914.184
395367600.184	395367623.18399996
395465413.18399996	395465437.184
396154843.184	396154867.18399996
396159860.184	396159880.18399996
396321543.184	396321566.184
396418061.184	396418085.18399996
396844297.184	396844321.18399996
396855268.184	396855289.18399996
397008249.184	397008269.18399996
397015463.18399996	397015483.184
397189594.184	397189614.184
397196733.184	397196757.18399996
397196765.184	397196790.18399996
397283164.184	397283184.184
397365400.184	397365766.184
397373125.18399996	397373145.184
397373153.184	397373178.184
397534623.184	397534644.184
397632325.18399996	397632345.184
397789446.18399996	397789470.184
397884182.18399996	397884207.184
397975361.184	397975385.18399996
398055643.184	398055667.18399996
398145283.18399996	398145306.184
398583496.184	398583521.18399996
398650141.184	398650162.184
400650850.18399996	400650873.184
400733774.184	400733794.18399996
400897271.184	400897295.184
400905097.184	400905121.18399996
401070226.18399996	401070596.184
401077960.18399996	401077984.184
401243638.184	401243662.18399996
401251336.184	401251356.18399996
402024865.18399996	402024885.184
402032245.184	402032265.184
402111732.184	402111752.18399996
402120639.18399996	402120659.184
402198453.184	402198477.184
402212054.184	402212078.18399996
402714095.184	402714117.184
402714950.184	402714971.184
404274540.184	404274560.18399996
404282317.184	404282341.184
405495433.184	405495458.184
405653710.18399996	405653734.184
405658464.184	405658489.184
405747522.184	405747542.184
406091393.18399996	406091413.184
406168498.18399996	406168522.184
406258528.184	406258553.18399996
406263677.18399996	406263701.184
406433581.184	406433606.184
406444937.184	406444960.184
406525532.18399996	406525902.184
406529511.184	406529531.184
406684997.184	406685017.184
406701363.184	406701387.18399996
406701395.18399996	406701420.184
406772272.184	406772296.184
407388452.184	407388477.184
407396029.184	407396052.184
407550026.18399996	407550050.184
407561922.184	407561942.184
408076003.18399996	408076026.184
408153998.184	408154022.184
408340346.184	408340370.18399996
408423349.18399996	408423373.184
408585718.184	408585738.184
408605038.184	408605059.184
409203472.184	409203497.18399996
409366767.18399996	409366791.184
409726598.184	409726622.18399996
409802197.184	409802217.18399996
409970667.184	409970688.18399996
410059806.184	410059826.18399996
410670822.18399996	410670846.184
410676937.18399996	410676960.184
413256583.184	413256607.184
413260080.184	413260100.184
413783930.18399996	413783951.184
413957176.184	413957200.18399996
414217383.184	414217408.184
414290814.18399996	414290834.184
414303225.184	414303249.184
414305849.184	414306218.18399996
415336271.18399996	415336291.184
415419978.184	415420002.18399996
415428021.184	415428045.184
415515835.184	415515856.18399996
415591146.184	415591170.184
415673071.184	415673095.18399996
415673447.18399996	415673469.184
415757076.18399996	415757100.184
415757835.184	415757855.184
415771562.18399996	415771583.184
415930982.18399996	415931007.184
416028371.184	416028391.184
416376608.184	416376632.184
416449050.184	416449071.184
416543454.184	416543479.18399996
416544346.184	416544370.184
416622760.184	416622785.184
416628028.184	416628049.184
416986636.18399996	416986660.184
417066094.18399996	417066115.184
417144091.184	417144461.184
417156021.184	417156045.184
417331255.18399996	417331276.184
417490165.184	417490188.18399996
417576531.184	417576555.18399996
417659784.184	417659804.184
419049829.184	419049855.184
419055077.18399996	419055101.184
419225861.18399996	419225881.184
419303923.18399996	419303943.184
419310804.184	419310828.18399996
419476822.184	419476846.184
419571825.184	419571845.184
419663196.184	419663219.18399996
419740876.18399996	419740900.184
419750706.184	419750726.18399996
419823075.18399996	419823095.184
419904414.184	419904437.184
419921842.184	419922211.18399996
420181603.184	420181627.184
420183235.184	420183259.184
420255951.18399996	420255975.184
420257468.184	420257488.18399996
420341382.184	420341405.184
420352050.184	420352070.18399996
420436723.18399996	420436743.184
420615614.184	420615635.18399996
420687731.184	420687751.18399996
420778747.18399996	420778770.184
420855546.18399996	420855566.184
420861691.184	420861717.184
421033618.184	421033642.184
421046552.184	421046576.184
421286563.184	421286587.18399996
421808594.184	421808617.184
421818806.18399996	421818829.184
421989056.184	421989080.184
422067022.184	422067042.184
423548880.184	423548904.184
423629006.184	423629029.184
423888981.184	423889002.184
423973913.184	423973933.184
424054742.184	424054767.18399996
424064720.184	424064740.184
424743780.18399996	424743805.184
424916245.184	424916269.18399996
425005333.184	425005356.184
425100546.184	425100569.184
425268901.184	425268922.184
425351776.184	425351797.18399996
425450403.184	425450428.18399996
425523853.184	425523877.184
425619515.184	425619540.18399996
425788971.184	425788995.18399996
426055316.184	426055336.184
426130534.184	426130554.18399996
426130563.184	426130933.184
426212148.18399996	426212173.184
426212177.184	426212201.184
426215984.184	426216004.184
426228546.18399996	426228566.184
426298957.184	426298981.18399996
426307611.184	426307631.184
426816334.184	426816354.18399996
427782425.184	427782445.184
427866780.184	427866804.18399996
427945500.18399996	427945523.184
428115566.18399996	428115586.184
428129763.184	428129787.184
428215188.18399996	428215212.184
428549656.184	428549677.184
428805227.184	428805247.184
429070708.184	429070729.18399996
429155081.184	429155104.18399996
429243495.18399996	429243519.184
429323448.184	429323471.184
430706221.18399996	430706245.184
430714555.18399996	430714575.184
430887702.184	430887722.184
430966787.184	430966810.18399996
430974976.184	430975000.184
430978986.184	430979010.184
431060917.184	431060941.184
431140562.18399996	431140586.184
432957456.18399996	432957477.184
432967188.18399996	432967211.184
433054295.184	433054319.184
433123322.184	433123346.18399996
433399980.18399996	433400000.184
433570950.18399996	433570974.184
433647250.184	433647273.18399996
433911678.184	433911702.184
434256042.18399996	434256066.184
434337360.18399996	434337380.184
434509355.184	434509376.184
434524251.18399996	434524272.184
435290372.184	435290396.184
435300866.18399996	435300886.184
435465581.184	435465605.18399996
435557234.184	435557258.184
436683234.184	436683259.18399996
436759066.18399996	436759086.184
436759094.18399996	436759118.184
436844802.184	436844826.18399996
437097736.184	437097761.184
437187966.18399996	437187991.184
438914904.184	438914927.18399996
439015972.184	439015992.184
439520481.18399996	439520505.184
439524715.184	439524739.18399996
439796301.184	439796322.18399996
439873846.184	439873866.18399996
439880138.18399996	439880162.184
439959333.184	439959357.18399996
440130362.18399996	440130386.184
440139352.184	440139372.184
440640553.18399996	440640577.184
440655769.184	440655793.18399996
441002946.18399996	441002966.184
441088007.184	441088027.184
441254840.18399996	441254865.184
441262392.184	441262416.18399996
441516508.184	441516528.184
441524210.184	441524234.184
442465234.18399996	442465258.184
442466867.184	442466891.184
443149244.18399996	443149264.184
443156537.184	443156903.18399996
443425057.184	443425078.18399996
443498372.184	443498395.184
443934010.184	443934034.18399996
443941827.184	443941850.18399996
444276040.184	444276064.18399996
444283903.184	444283926.18399996
444873927.184	444873951.18399996
444888720.18399996	444888743.184
445138087.184	445138111.18399996
445152799.18399996	445152819.184
445221895.18399996	445221918.184
445226516.184	445226537.18399996
445314309.184	445314333.18399996
445324743.184	445324763.184
445495815.184	445495836.184
445748079.18399996	445748103.184
446016092.18399996	446016116.184
446016913.184	446016937.184
446784387.184	446784411.184
446863868.184	446863892.18399996
446875617.184	446875641.18399996
447050570.184	447050594.184
447381903.184	447381923.184
447466815.184	447466835.184
448164099.18399996	448164120.184
448174285.184	448174305.18399996
448337002.184	448337022.18399996
448347112.184	448347136.18399996
448349168.18399996	448349188.184
448420415.184	448420438.18399996
448420447.184	448420468.184
448423178.18399996	448423198.184
448597528.18399996	448597551.184
448603193.184	448603558.18399996
448680726.184	448680746.18399996
448692757.184	448692781.18399996
448771311.184	448771335.184
448776544.184	448776565.18399996
448863082.18399996	448863103.184
448868313.184	448868337.184
449297778.18399996	449297798.184
449382521.184	449382891.184
449635274.184	449635295.184
449642388.18399996	449642412.184
449722021.184	449722045.184
449802272.184	449802296.184
450161530.184	450161555.184
450234856.184	450234876.18399996
450243531.18399996	450243551.184
450412918.18399996	450412938.184
450576225.18399996	450576248.184
450668940.18399996	450668964.184
450763167.18399996	450763192.184
450764497.184	450764521.18399996
451804202.184	451804227.184
451875059.184	451875083.18399996
451958684.184	451958708.18399996
451961339.184	451961362.184
451965007.184	451965028.18399996
451972473.184	451972493.18399996
452060904.184	452060928.184
452141958.18399996	452141981.184
452145128.18399996	452145152.184
452313799.18399996	452313823.184
452403024.18399996	452403048.184
452408628.184	452408649.184
452666499.184	452666523.184
452751946.184	452751967.184
452916143.18399996	452916167.184
453259033.18399996	453259056.184
453521884.184	453521904.184
453696872.18399996	453696896.184
453781766.18399996	453781786.184
453946013.184	453946033.18399996
455088003.184	455088023.184
455158275.184	455158298.184
455241744.184	455241765.184
455260270.184	455260295.18399996
455418330.184	455418355.184
455507031.18399996	455507055.184
456550819.18399996	456550843.184
456626141.18399996	456626161.184
456721849.184	456721873.18399996
456797341.184	456797361.184
456983131.18399996	456983500.184
456989176.184	456989541.184
457670552.184	457670572.184
457674762.184	457674786.184
457674790.184	457674816.184
457761120.184	457761144.184
457761152.184	457761172.18399996
457764962.184	457764982.18399996
458198450.18399996	458198473.184
458270303.184	458270326.184
458285144.184	458285167.18399996
458356562.18399996	458356585.184
458442959.18399996	458442980.184
458787916.184	458787939.184
458793168.18399996	458793192.184
458800882.184	458800906.18399996
458888641.184	458888665.184
458975201.184	458975221.18399996
458976350.184	458976371.18399996
459132521.184	459132545.184
459140298.184	459140322.184
459478026.184	459478050.18399996
459480892.184	459480912.18399996
459835853.184	459835877.18399996
460004495.184	460004519.184
460088726.18399996	460088746.184
460181262.184	460181286.18399996
460271316.184	460271340.18399996
460354294.184	460354319.18399996
460427688.184	460427709.184
460427717.184	460427740.18399996
460605024.18399996	460605390.184
460617522.184	460617546.184
460775935.184	460775959.18399996
461815424.184	461815448.184
461824513.18399996	461824537.184
461985189.184	461985213.184
461994125.184	461994149.184
462073517.184	462073541.18399996
462082880.18399996	462082900.184
462680780.184	462680804.18399996
462689515.184	462689539.18399996
462941231.184	462941255.184
462950458.184	462950482.184
463114567.184	463114591.18399996
463287618.184	463287641.184
463370318.184	463370338.18399996
463460409.184	463460433.18399996
463802495.18399996	463802518.184
463809205.18399996	463809229.184
464679234.184	464679254.184
464752228.18399996	464752597.184
465882875.184	465882899.184
466046913.18399996	466046933.184
466396931.184	466396954.18399996
466396948.184	466396954.18399996
466487038.184	466487061.184
466733221.184	466733241.184
466906586.18399996	466906610.184
466912937.18399996	466912961.184
466922257.184	466922277.184
467006003.18399996	467006023.184
467079671.184	467079694.184
467093296.184	467093319.18399996
467176257.184	467176281.184
467264676.184	467264696.18399996
467425399.184	467425419.18399996
467513216.18399996	467513236.184
467529978.184	467530348.184
467876156.184	467876176.184
468043136.184	468043160.18399996
470458868.18399996	470458893.184
470467129.18399996	470467153.184
470896712.18399996	470896737.184
470968705.184	470969072.184
472276629.184	472276649.18399996
472436462.18399996	472436486.184
472526466.184	472526490.184
472621900.184	472621921.184
472705778.184	472705798.184
472867340.184	472867364.184
472956643.184	472956667.184
473052492.184	473052512.184
475559623.184	475559647.18399996
475650556.184	475650577.18399996
476598952.18399996	476598973.184
476671921.184	476671945.184
477108850.18399996	477108871.184
477116587.184	477116611.184
477189333.18399996	477189354.184
477197284.184	477197654.184
478495787.184	478495807.184
478580471.18399996	478580495.184
478848800.18399996	478848821.184
478919656.184	478919677.18399996
479267412.184	479267782.18399996
479272583.18399996	479272603.184
479617348.18399996	479617718.184
479618175.184	479618195.184
479623842.184	479623863.18399996
479694190.184	479694211.184
479871806.184	479871830.18399996
480043049.184	480043074.18399996
480228594.184	480228618.18399996
480311579.184	480311599.184
480571022.184	480571045.18399996
480651457.18399996	480651477.184
480741404.184	480741773.184
480832572.184	480832595.18399996
481334626.18399996	481334651.184
481342460.184	481342480.184
483151849.18399996	483151873.184
483159654.184	483159678.184
483239902.184	483239925.184
483252833.184	483252853.184
483511074.18399996	483511094.184
483580982.184	483581006.184
483930089.18399996	483930113.184
484102906.184	484102926.18399996
485836964.18399996	485836988.184
485843210.184	485843234.18399996
486015629.184	486015653.184
486093623.18399996	486093647.184
486278625.184	486278648.18399996
486436777.184	486436798.18399996
486795977.18399996	486796001.184
487043065.18399996	487043088.184
487126794.184	487126814.184
487129552.184	487129576.184
487394704.18399996	487394728.184
487482840.184	487482865.184
487653119.184	487653143.18399996
487733753.18399996	487734123.184
487734127.184	487734151.18399996
487816679.184	487816699.18399996
487831879.184	487831904.18399996
487904818.184	487905188.184
488951518.184	488951538.184
488955313.184	488955337.18399996
488955345.18399996	488955366.184
489036582.18399996	489036606.184
489036614.18399996	489036634.184
489040712.18399996	489040736.184
489295458.18399996	489295478.184
489370922.184	489370945.18399996
489717016.18399996	489717040.184
489805221.184	489805245.18399996
490080276.184	490080301.184
490238145.184	490238169.184
490855759.184	490855783.18399996
491012643.184	491013012.184
491283757.184	491283781.184
491374156.184	491374176.184
491530698.18399996	491530722.184
491538571.18399996	491538595.184
491543831.184	491543855.184
491621428.18399996	491621451.184
492052404.18399996	492052425.184
492062393.184	492062759.18399996
492152000.184	492152024.18399996
492235028.184	492235048.18399996
492919069.184	492919093.184
493017769.18399996	493017789.184
493269178.184	493269201.184
493443665.184	493443689.18399996
493785808.184	493785832.184
493785826.184	493785832.184
493790230.184	493790254.184
494314771.184	494314791.184
494397430.18399996	494397451.184
494476056.184	494476080.184
494558358.18399996	494558379.184
495165435.184	495165459.18399996
495260767.184	495260792.18399996
495864453.184	495864477.18399996
495945089.18399996	495945113.184
495948622.18399996	495948642.184
496028075.18399996	496028095.184
496283460.18399996	496283484.184
496294093.184	496294113.184
496296558.18399996	496296582.184
496379631.18399996	496379655.184
496718145.184	496718168.184
496801271.184	496801295.184
496976825.184	496977192.184
496984397.184	496984420.18399996
497665807.184	497665831.184
497760966.184	497760987.184
497849145.18399996	497849165.184
498017577.18399996	498017601.184
498284437.18399996	498284457.184
498368430.184	498368454.18399996
498535852.18399996	498535873.184
498541358.184	498541381.184
498541390.184	498541410.18399996
498546523.184	498546544.184
498797698.184	498797722.184
498802953.18399996	498802977.184
498893980.184	498894001.18399996
498974196.184	498974220.184
499140715.184	499140738.18399996
499225713.184	499225733.184
499669620.18399996	499669640.184
499754251.184	499754275.184
500357504.184	500357529.184
500435814.18399996	500435835.184
502685652.184	502685673.18399996
502763561.184	502763585.184
504076919.184	504076943.184
504152726.18399996	504152746.184
504152754.184	504152778.184
504160095.184	504160115.18399996
504329196.184	504329216.18399996
504408514.18399996	504408538.184
504504676.18399996	504504696.184
504590967.18399996	504590991.184
504755333.184	504755356.184
504845179.184	504845203.18399996
505009276.184	505009276.184
505100550.18399996	505100570.184
507781639.184	507781663.184
507788448.184	507788471.18399996
507788480.18399996	507788500.184
507790147.18399996	507790167.184
508040785.184	508040805.18399996
508129304.184	508129328.184
508567162.184	508567186.18399996
508741008.184	508741031.184
509424978.184	509425002.184
509513069.184	509513093.184
509513102.18399996	509513122.184
509588130.184	509588634.184
509676609.18399996	509676632.184
509775947.184	509775967.184
510199367.184	510199388.184
510290694.184	510290714.184
510293475.18399996	510293496.184
510384360.184	510384385.184
510458222.18399996	510458243.184
510538636.184	510538660.18399996
510637088.184	510637108.184
510720100.184	510720121.18399996
511162602.18399996	511162626.184
511239719.184	511239739.184
511407983.18399996	511408003.184
511489816.18399996	511489840.184
511579077.18399996	511579100.184
511662837.184	511662857.18399996
511750966.18399996	511750986.184
511764586.18399996	511764609.184
511845230.18399996	511845254.184
511923030.184	511923051.18399996
512285099.184	512285119.184
512365979.184	512365999.184
512454369.184	512454393.18399996
512528803.18399996	512528826.184
512538747.184	512538771.18399996
512611410.184	512611433.18399996
512611442.184	512611465.18399996
512620209.18399996	512620230.184
512706587.184	512706611.18399996
512788691.184	512788711.18399996
512973512.18399996	512973536.184
513144367.18399996	513144391.184
513145592.18399996	513145612.184
513230905.184	513230929.184
514430057.184	514430077.18399996
514435339.184	514435363.18399996
514523750.18399996	514523774.184
514698089.18399996	514698113.184
514775691.184	514775711.184
514783462.18399996	514783485.184
514786147.184	514786167.18399996
514787125.184	514787149.18399996
515738130.184	515738154.18399996
515739932.18399996	515739953.184
519184097.184	519184117.184
519196746.184	519196766.18399996
519361167.184	519361190.18399996
519451089.18399996	519451109.184
519882911.184	519882934.184
519884524.184	519884544.184
520046077.18399996	520046101.184
520057463.184	520057487.184
520059209.184	520059232.184
520141038.184	520141061.18399996
520141070.184	520141090.18399996
520144864.18399996	520144885.184
520229357.18399996	520229381.184
520395311.184	520395331.18399996
520492192.184	520492212.18399996
520573140.18399996	520573161.184
520646972.184	520647341.18399996
520733265.18399996	520733285.184
520823210.184	520823234.184
520835843.184	520835866.18399996
521002517.18399996	521002541.184
521357629.184	521357652.184
521424520.184	521424544.18399996
521439666.184	521439690.184
521514210.18399996	521514234.184
521526937.184	521526961.184
521612929.184	521613295.184
521691218.18399996	521691242.184
521694913.184	521694934.184
521769784.184	521769808.184
522394555.184	522394575.184
522471495.184	522471515.18399996
523939415.184	523939435.18399996
524116762.18399996	524116785.184
527317008.184	527317031.184
527387889.18399996	527387909.184
527473874.184	527473894.18399996
527486828.184	527486852.184
527565565.184	527565589.184
527577934.184	527577955.184
528340789.184	528340813.184
528347733.184	528347757.184
528347765.184	528347785.18399996
528441865.184	528441885.18399996
532406799.18399996	532406822.184
532490400.184	532490423.18399996
533781999.184	533782019.184
533789638.18399996	533789662.184
534404106.184	534404130.184
534478634.184	534478658.184
534661752.184	534661776.18399996
535088704.184	535088728.18399996
535177393.18399996	535177414.184
535340122.184	535340145.18399996
535425584.184	535425604.184
535613542.184	535613565.18399996
535686998.184	535687018.18399996
536461987.184	536461987.184
536631490.184	536631514.184
537422241.184	537422265.184
537506694.184	537506714.184
537597741.184	537597761.184
538723501.184	538723525.184
538975597.184	538975617.184
539672992.184	539673012.184
539748067.184	539748091.184
540179791.184	540179814.184
540267272.184	540267296.184
540869434.184	540869449.184
540879706.184	540879726.184
540953069.184	540953089.184
540956821.184	540956845.184
541055178.184	541055202.184
541130662.184	541130683.184
541308510.184	541308530.184
541385147.184	541385167.184
541559661.184	541559684.184
541571131.184	541571151.184
541814754.184	541814778.184
541829189.184	541829210.184
542001223.184	542001246.184
542074656.184	542074680.184
542080813.184	542080833.184
542256854.184	542256878.184
542257236.184	542257260.184
542681470.184	542681495.184
542698378.184	542698401.184
543116916.184	543116940.184
543127265.184	543127285.184
543464284.184	543464304.184
543552353.184	543552377.184
544499313.184	544499333.184
544508489.184	544508509.184
544581878.184	544581898.184
544586494.184	544586518.184
544930314.184	544930338.184
545023514.184	545023538.184
545026310.184	545026330.184
545103260.184	545103284.184
545185356.184	545185376.184
545272234.184	545272258.184
545282074.184	545282098.184
545377015.184	545377036.184
545449359.184	545449379.184
545532271.184	545532295.184
545620000.184	545620020.184
545709552.184	545709572.184
547523315.184	547523338.184
547534572.184	547534592.184
547793649.184	547793669.184
547877622.184	547877643.184
547877651.184	547878021.184
547956048.184	547956068.184
548213444.184	548213468.184
548225848.184	548226214.184
548653032.184	548653055.184
548738186.184	548738210.184
550294273.184	550294639.184
550384873.184	550384893.184
550388054.184	550388078.184
550465150.184	550465173.184
550467862.184	550467885.184
550548732.184	550548756.184
550551481.184	550551505.184
551329953.184	551329976.184
551495651.184	551495675.184
552096363.184	552096383.184
552100517.184	552100537.184
552100546.184	552100570.184
552187129.184	552187153.184
552187161.184	552187181.184
552269330.184	552269354.184
552270867.184	552270891.184
552277914.184	552277934.184
552366829.184	552366849.184
552455107.184	552455131.184
552970794.184	552970818.184
553046703.184	553046727.184
553052682.184	553052702.184
553062102.184	553062126.184
553224608.184	553224628.184
553232393.184	553232413.184
553307909.184	553308278.184
553309564.184	553309585.184
553741988.184	553741988.184
553834825.184	553834845.184
553999782.184	553999805.184
554003947.184	554003970.184
554086330.184	554086354.184
554345978.184	554346001.184
554353289.184	554353313.184
555653226.184	555653246.184
555813880.184	555813904.184
556090759.184	556090782.184
556164172.184	556164196.184
556862775.184	556862795.184
556951343.184	556951363.184
558850304.184	558850327.184
558933161.184	558933181.184
561360925.184	561360949.184
561438623.184	561438647.184
561859670.184	561859694.184
561879359.184	561879382.184
562046862.184	562046886.184
562206822.184	562206842.184
563687960.184	563687985.184
563766282.184	563766306.184
564625312.184	564625333.184
564632358.184	564632727.184
564643295.184	564643319.184
564722582.184	564722602.184
566624444.184	566624464.184
566701281.184	566701301.184
566705725.184	566705749.184
566784275.184	566784295.184
566789505.184	566789528.184
566876685.184	566876709.184
566876717.184	566876741.184
567318910.184	567318930.184
567395385.184	567395409.184
567398529.184	567398554.184
567476451.184	567476471.184
567566264.184	567566285.184
567577491.184	567577515.184
567655395.184	567655415.184
567668020.184	567668044.184
567734711.184	567734731.184
567825407.184	567825430.184
567828743.184	567828767.184
567918025.184	567918045.184
567919713.184	567919736.184
567998851.184	567998851.184
568081450.184	568081450.184
568167334.184	568167331.184
568168620.184	568168641.184
568255459.184	568255459.184
568271263.184	568271279.184
568346356.184	568346379.184
568355805.184	568355825.184
568357636.184	568357663.184
568357671.184	568357691.184
568519318.184	568519334.184
568531374.184	568531101.184
568602230.184	568601949.184
568610610.184	568610564.184
568702236.184	568702256.184
568777613.184	568777637.184
568785597.184	568785966.184
569464215.184	569464239.184
569477588.184	569477608.184
569480623.184	569480646.184
569649091.184	569649091.184
569724736.184	569724756.184
569736608.184	569736632.184
569828168.184	569828191.184
569907692.184	569907715.184
570857966.184	570857987.184
570948837.184	570948861.184
571539078.184	571539102.184
571639094.184	571639117.184
571975856.184	571975880.184
572056278.184	572056302.184
572152387.184	572152407.184
572246401.184	572246425.184
572411327.184	572411343.184
572494515.184	572494539.184
572848095.184	572847620.184
573100263.184	573100284.184
573177673.184	573177696.184
573352554.184	573352578.184
573358472.184	573358496.184
573364770.184	573364794.184
574487847.184	574487867.184
574562774.184	574562794.184
574649988.184	574650011.184
574656231.184	574656251.184
574666396.184	574666419.184
574738219.184	574738243.184
574751930.184	574751954.184
574835848.184	574835868.184
574839652.184	574905686.184
574911966.184	574911987.184
575164870.184	575164890.184
575172725.184	575172749.184
575339612.184	575339632.184
575352593.184	575352616.184
575529114.184	575529484.184
575604743.184	575604767.184
575689605.184	575689629.184
575778378.184	575778399.184
575778407.184	575778431.184
575786110.184	575786130.184
575942669.184	575942692.184
576029320.184	576029344.184
576563796.184	576563817.184
576634181.184	576634550.184
576734267.184	576734291.184
576807653.184	576807673.184
576818711.184	576818731.184
576825651.184	576825674.184
576984826.184	576984850.184
576991537.184	576991557.184
577073558.184	577073578.184
577157713.184	577157736.184
577595555.184	577595579.184
577673968.184	577673988.184
578289544.184	578289568.184
578362000.184	578362023.184
578371536.184	578371557.184
578381697.184	578381717.184
578451726.184	578451750.184
578539844.184	578539864.184
578552970.184	578552994.184
578629656.184	578629676.184
578802611.184	578802631.184
578883752.184	578883775.184
578884837.184	578884858.184
578890852.184	578890872.184
578974385.184	578974409.184
578980495.184	578980519.184
578983301.184	578983324.184
579066886.184	579066909.184
580362012.184	580362036.184
580439977.184	580439997.184
580453818.184	580453838.184
580612761.184	580612781.184
580627512.184	580627536.184
580698420.184	580698789.184
580709254.184	580709278.184
580799185.184	580799206.184
581562365.184	581562385.184
581578421.184	581578444.184
581734086.184	581734111.184
581741819.184	581741839.184
581992649.184	581992672.184
582005467.184	582005487.184
582171512.184	582171532.184
582177135.184	582177156.184
583113823.184	583113844.184
583119163.184	583119183.184
583202673.184	583202696.184
583207951.184	583207974.184
583375598.184	583375618.184
583383559.184	583383582.184
583388041.184	583388061.184
583460394.184	583460418.184
583565084.184	583565104.184
583646161.184	583646181.184
583817129.184	583817149.184
583824301.184	583824321.184
584427969.184	584427989.184
584508536.184	584508556.184
585375892.184	585375916.184
585621147.184	585621171.184
585889091.184	585889114.184
585893320.184	585893340.184
585893348.184	585893372.184
585969458.184	585969482.184
585969490.184	585969510.184
585973630.184	585973651.184
587187457.184	587187481.184
587194832.184	587194852.184
587280915.184	587280939.184
587438474.184	587438498.184
588217415.184	588217438.184
588315148.184	588315168.184
588470558.184	588470582.184
588566831.184	588566852.184
589523885.184	589523908.184
589595685.184	589595709.184
589607614.184	589607634.184
589611453.184	589611822.184
589694920.184	589694940.184
589773485.184	589773505.184
589853326.184	589853347.184
589858955.184	589858978.184
589864369.184	589864389.184
589954873.184	589954893.184
590635938.184	590635958.184
590642928.184	590642948.184
590804180.184	590804203.184
590821890.184	590821913.184
590985676.184	590985696.184
591074616.184	591074636.184
591076417.184	591076441.184
591153225.184	591153249.184
591166178.184	591166202.184
591235324.184	591235348.184
591511990.184	591512011.184
591585277.184	591585300.184
592890805.184	592890826.184
592965948.184	592965968.184
592972171.184	592972195.184
593055208.184	593055232.184
593238975.184	593238999.184
593312431.184	593312454.184
593396212.184	593396236.184
593404116.184	593404136.184
593489955.184	593490321.184
593495518.184	593495538.184
593656494.184	593656518.184
593662506.184	593662530.184
593845734.184	593845757.184
593922576.184	593922596.184
593925401.184	593925767.184
593929268.184	593929291.184
594088284.184	594088304.184
594099517.184	594099540.184
594275808.184	594275831.184
594349124.184	594349144.184
594439112.184	594439136.184
594524646.184	594524666.184
595054563.184	595054583.184
595127972.184	595127996.184
595656747.184	595656771.184
595661992.184	595662015.184
595742119.184	595742144.184
595815617.184	595815637.184
595910462.184	595910486.184
595911427.184	595911447.184
596351283.184	596351307.184
596423731.184	596423754.184
597303609.184	597303633.184
597381220.184	597381240.184
597470108.184	597470128.184
597553988.184	597554012.184
598755170.184	598755537.184
598761593.184	598761616.184
598942659.184	598943030.184
599015210.184	599015230.184
599188849.184	599188873.184
599193969.184	599193989.184
599288736.184	599288760.184
599366556.184	599366580.184
599875383.184	599875408.184
599882224.184	599882664.184
600998469.184	600998469.184
601272357.184	601272357.184
601358311.184	601358334.184
601518959.184	601518982.184
602308613.184	602308634.184
602389052.184	602389072.184
602484146.184	602484170.184
602644755.184	602644778.184
602736323.184	602736347.184
602744160.184	602744183.184
602827602.184	602827626.184
602833065.184	602833089.184
602901454.184	602901482.184
602907100.184	602907124.184
602997869.184	602997890.184
603003960.184	603003980.184
603083564.184	603083589.184
603090476.184	603090499.184
603515451.184	603515475.184
603521844.184	603522213.184
604026880.184	604026904.184
604121979.184	604122003.184
604128862.184	604128882.184
604212197.184	604212566.184
604560129.184	604560153.184
604637881.184	604637905.184
604992994.184	604993019.184
605065831.184	605066200.184
605074191.184	605074211.184
605078373.184	605078393.184
605769946.184	605769971.184
605844032.184	605844053.184
606013194.184	606013216.184
606022242.184	606022266.184
606960574.184	606960943.184
606967138.184	606967158.184
607060789.184	607061158.184
607132890.184	607132913.184
607138123.184	607138143.184
607140882.184	607140905.184
607481141.184	607481165.184
607498751.184	607498775.184
607651377.184	607651401.184
607656102.184	607656472.184
609913381.184	609913404.184
609986906.184	609986929.184
611213733.184	611213757.184
611289196.184	611289220.184
611460718.184	611460742.184
611539368.184	611539391.184
611644317.184	611644687.184
611645621.184	611645645.184
611719033.184	611719053.184
611726758.184	611726778.184
611893569.184	611893590.184
611900898.184	611900918.184
611981743.184	611981767.184
612057730.184	612057750.184
612157145.184	612157168.184
612241080.184	612241101.184
612589946.184	612589966.184
612666971.184	612666991.184
612838968.184	612838988.184
612846745.184	612846769.184
613102435.184	613102456.184
613269251.184	613269274.184
613625450.184	613625470.184
613802362.184	613802382.184
613963136.184	613963156.184
614044981.184	614045002.184
614055439.184	614055463.184
614145209.184	614145232.184
614237576.184	614237597.184
614317221.184	614317245.184
614480494.184	614480517.184
614484801.184	614484821.184
614484829.184	614484854.184
614566070.184	614566090.184
614566098.184	614566122.184
614583331.184	614583352.184
614668897.184	614668920.184
614740727.184	614740747.184
614841551.184	614841574.184
614914195.184	614914218.184
614995322.184	614995347.184
615100213.184	615100237.184
615100245.184	615100265.184
615180531.184	615180554.184
615180563.184	615180584.184
615264020.184	615264044.184
615433663.184	615433683.184
615438613.184	615438633.184
615534046.184	615600080.184
615614887.184	615614907.184
615690370.184	615690394.184
615773785.184	615773805.184
615868248.184	615868268.184
616037534.184	616037558.184
616734846.184	616734867.184
616813239.184	616813259.184
616902117.184	616902117.184
617000972.184	617000996.184
617160040.184	617160064.184
617163478.184	617163498.184
617946840.184	617946860.184
618039534.184	618039558.184
618116065.184	618116085.184
618121343.184	618121363.184
618125619.184	618125640.184
618199044.184	618199068.184
618283804.184	618283828.184
618290213.184	618290583.184
618542475.184	618542499.184
618547554.184	618547574.184
618633808.184	618633828.184
618640601.184	618640625.184
620267677.184	620267700.184
620273498.184	620273519.184
620451578.184	620451603.184
620525812.184	620525832.184
621408139.184	621408163.184
621740052.184	621740072.184
621916274.184	621916297.184
621922411.184	621922434.184
622348151.184	622348172.184
622435416.184	622435436.184
622525222.184	622525245.184
622617762.184	622617782.184
622869351.184	622869371.184
623041213.184	623041237.184
623118860.184	623118883.184
623813547.184	623813567.184
623821291.184	623821315.184
624588376.184	624588399.184
624673110.184	624673134.184
624936048.184	624936068.184
624948576.184	624948596.184
625118775.184	625118795.184
625122520.184	625122544.184
625190507.184	625190531.184
625197736.184	625197756.184
625201031.184	625201055.184
625279949.184	625279973.184
625297193.184	625297217.184
625374941.184	625374962.184
625450648.184	625450672.184
625458381.184	625458404.184
625469000.184	625469023.184
625640077.184	625640097.184
625642817.184	625642838.184
625882182.184	625882552.184
625889860.184	625889880.184
625974602.184	625974622.184
626067500.184	626067520.184
626147387.184	626147411.184
626151603.184	626151627.184
626238684.184	626238704.184
626313898.184	626313921.184
626320980.184	626321000.184
626327631.184	626327651.184
626404745.184	626404765.184
626579094.184	626579118.184
626592838.184	626592862.184
626664800.184	626664820.184
626762201.184	626762225.184
627102030.184	627102054.184
627102856.184	627102876.184
627180360.184	627180384.184
627193302.184	627193326.184
627278779.184	627278803.184
627350482.184	627350505.184
627443112.184	627443135.184
627449926.184	627449950.184
627698906.184	627698930.184
627711690.184	627711710.184
628562197.184	628562221.184
628579416.184	628579440.184
628734746.184	628734770.184
628747058.184	628747082.184
628821327.184	628821347.184
628830132.184	628830501.184
628832627.184	628832648.184
628839153.184	628839176.184
629010387.184	629010412.184
629085411.184	629085435.184
629339725.184	629339746.184
629344948.184	629344972.184
629351901.184	629351925.184
629427573.184	629427596.184
629523043.184	629523067.184
629530609.184	629530629.184
629605969.184	629605989.184
629611198.184	629611567.184
629701033.184	629701053.184
629861420.184	629861443.184
629871962.184	629871985.184
629949432.184	629949453.184
630046584.184	630046607.184
630126941.184	630126961.184
630211519.184	630211539.184
630215691.184	630215711.184
630638028.184	630638053.184
630646910.184	630646933.184
630903293.184	630903318.184
630908433.184	630908456.184
630981347.184	630981371.184
630988345.184	630988368.184
631075652.184	631075675.184
631158980.184	631158980.184
631340060.184	631340426.184
631412132.184	631412132.184
632715964.184	632715988.184
632727444.184	632727464.184
632809221.184	632809221.184
632895753.184	632895777.184
632971230.184	632971250.184
632973392.184	632973416.184
632981238.184	632981261.184
633846314.184	633846335.184
633917942.184	633917962.184
633920682.184	633920707.184
633926623.184	633926649.184
633934403.184	633934427.184
634005172.184	634005196.184
634179586.184	634179606.184
634187655.184	634187672.184
634279103.184	634279127.184
634364589.184	634364613.184
634529916.184	634529940.184
634537597.184	634537620.184
634609093.184	634609117.184
634617128.184	634617151.184
634621413.184	634621438.184
634695386.184	634695406.184
634787972.184	634787992.184
634792248.184	634792268.184
634968513.184	634968533.184
635045635.184	635045659.184
635567570.184	635567594.184
635646072.184	635646096.184
635909352.184	635909376.184
635914905.184	635914929.184
635923362.184	635923383.184
635995070.184	635995094.184
636003878.184	636003899.184
636083171.184	636083195.184
636096346.184	636096370.184
636169606.184	636169629.184
636180121.184	636180145.184
636253240.184	636253264.184
636348636.184	636348661.184
636356140.184	636356160.184
637306802.184	637306826.184
637377251.184	637377271.184
637461405.184	637461429.184
637475221.184	637475245.184
637738669.184	637738689.184
637813081.184	637813104.184
637823249.184	637823272.184
637900250.184	637900274.184
638151505.184	638151526.184
638168047.184	638168071.184
638323274.184	638323297.184
638334868.184	638334892.184
638414105.184	638414128.184
638418395.184	638418415.184
638497978.184	638497999.184
638503063.184	638503086.184
638510221.184	638510241.184
638669016.184	638669036.184
638682858.184	638682878.184
638687483.184	638687506.184
638764967.184	638764991.184
638855113.184	638855133.184
639017097.184	639017117.184
639023129.184	639023153.184
641261794.184	641261814.184
641269079.184	641269099.184
642302993.184	642303013.184
642309213.184	642309233.184
642904477.184	642904501.184
642905297.184	642905321.184
643685747.184	643685767.184
643691788.184	643691812.184
644045701.184	644045724.184
644130312.184	644130335.184
644210119.184	644210143.184
644218687.184	644218707.184
644290210.184	644290230.184
644374278.184	644374302.184
645066076.184	645066100.184
645073908.184	645073928.184
645079388.184	645079758.184
645150970.184	645150990.184
645156252.184	645156275.184
645167493.184	645167516.184
645249485.184	645249509.184
645255625.184	645255645.184
645335848.184	645335869.184
645421065.184	645421086.184
645421094.184	645421118.184
645499274.184	645499294.184
645502265.184	645502289.184
645581777.184	645581797.184
645587401.184	645587422.184
645670177.184	645670200.184
645670209.184	645670232.184
645758183.184	645758206.184
646027791.184	646027811.184
646107961.184	646107982.184
646187678.184	646187701.184
646195381.184	646195401.184
646198216.184	646198240.184
646275767.184	646275787.184
646797744.184	646797764.184
646878087.184	646878107.184
646896261.184	646896285.184
646969658.184	646969682.184
646976689.184	646976713.184
647050671.184	647050691.184
647064748.184	647064771.184
647138146.184	647138154.184
647150309.184	647150329.184
647155552.184	647155573.184
647226331.184	647226351.184
647316172.184	647316196.184
647397058.184	647397078.184
647407857.184	647407878.184
647578567.184	647578587.184
647585749.184	647585772.184
647660582.184	647660605.184
647829164.184	647829187.184
647829195.184	647829217.184
647844769.184	647844793.184
647844801.184	647844821.184
647933760.184	647933784.184
648703439.184	648703463.184
648711150.184	648711170.184
649134669.184	649134693.184
649139818.184	649139841.184
649308642.184	649308662.184
649386038.184	649386058.184
649388934.184	649388958.184
649396769.184	649396789.184
649474381.184	649474401.184
649482022.184	649482046.184
649571981.184	649572005.184
649646182.184	649646205.184
649651444.184	649651467.184
649824329.184	649824353.184
649903523.184	649903543.184
649909025.184	649909045.184
649916024.184	649916044.184
649921107.184	649921131.184
650073748.184	650073772.184
650076401.184	650076421.184
650093709.184	650093732.184
650261565.184	650261589.184
650518227.184	650518250.184
650607768.184	650607788.184
650949896.184	650949920.184
650953732.184	650954097.184
651027776.184	651027796.184
651032994.184	651033014.184
651285000.184	651285023.184
651389800.184	651389820.184
651471959.184	651471979.184
651476176.184	651476196.184
653099738.184	653099763.184
653187717.184	653187741.184
653285653.184	653286023.184
653363913.184	653363936.184
653366651.184	653366671.184
653530049.184	653530070.184
656740470.184	656740494.184
656745581.184	656745601.184
656833037.184	656833057.184
656916963.184	656916983.184
656991246.184	656991269.184
656995452.184	656995475.184
656998180.184	656998200.184
657168916.184	657168936.184
657168945.184	657168968.184
657259612.184	657259636.184
657259644.184	657259664.184
657417741.184	657417765.184
657417773.184	657417794.184
657512194.184	657512217.184
657512226.184	657512246.184
657603914.184	657603934.184
658296402.184	658296422.184
658368081.184	658368105.184
658374303.184	658374326.184
658380403.184	658380426.184
658636231.184	658636255.184
658714027.184	658714051.184
658726871.184	658726892.184
658732894.184	658732914.184
658802792.184	658802812.184
658808867.184	658808891.184
658886954.184	658886975.184
658892822.184	658892846.184
658974882.184	658974902.184
658977476.184	658977500.184
659061865.184	659061889.184
659073417.184	659073440.184
659163454.184	659163824.184
659325754.184	659325774.184
659666052.184	659666076.184
659671226.184	659671249.184
660017715.184	660017739.184
660018674.184	660018697.184
660115527.184	660115547.184
660186118.184	660186141.184
660360574.184	660360594.184
660363965.184	660363989.184
661325837.184	661325860.184
661399154.184	661399174.184
661492648.184	661492668.184
661566728.184	661566748.184
661580760.184	661580780.184
661740390.184	661740410.184
661747295.184	661747315.184
661755143.184	661755166.184
661825844.184	661825867.184
661831132.184	661831156.184
661836176.184	661836200.184
662351189.184	662351209.184
662434334.184	662434357.184
664764360.184	664764383.184
664775978.184	664775998.184
665205385.184	665205405.184
665212722.184	665212742.184
665281325.184	665281349.184
665293428.184	665293448.184
665293457.184	665293480.184
665373895.184	665374264.184
665630171.184	665630192.184
665637914.184	665637934.184
665643194.184	665643218.184
665714138.184	665714161.184
665719422.184	665719442.184
665725048.184	665725068.184
665817938.184	665817962.184
665888663.184	665888683.184
665974288.184	665974312.184
665983425.184	665983446.184
666066433.184	666066458.184
666071513.184	666071537.184
666324793.184	666324813.184
666326537.184	666326557.184
666758714.184	666758738.184
666765431.184	666765452.184
667114367.184	667114387.184
667192420.184	667192440.184
667275452.184	667275472.184
667537910.184	667537930.184
667619099.184	667619119.184
669349003.184	669349027.184
669445562.184	669445582.184
669519876.184	669519900.184
669604832.184	669604855.184
669698794.184	669698819.184
669778532.184	669778556.184
669785936.184	669785959.184
669874105.184	669874125.184
669951332.184	669951356.184
672024793.184	672024816.184
672028885.184	672028905.184
672971799.184	672971823.184
672981015.184	672981039.184
673231646.184	673231670.184
673235250.184	673235273.184
673414182.184	673414205.184
673421879.184	673421899.184
673490913.184	673490937.184
673508313.184	673508333.184
673584874.184	673584898.184
673590265.184	673590288.184
673665622.184	673665642.184
673676458.184	673676481.184
673839159.184	673839182.184
673851816.184	673851839.184
673935763.184	673935787.184
674010100.184	674010123.184
674093857.184	674093881.184
674101630.184	674101650.184
674183134.184	674183157.184
674265747.184	674265767.184
674280756.184	674280780.184
674449755.184	674449778.184
674529433.184	674529457.184
674614191.184	674614211.184
675060552.184	675060575.184
675139564.184	675139588.184
675231080.184	675231105.184
675302868.184	675302888.184
675564566.184	675564589.184
675576707.184	675576730.184
676791497.184	676791521.184
