76914347.184	77246325.184
80715862.184	81997527.184
82445116.184	83212302.184
83739117.184	85036759.184
85805718.184	86231751.184
86578948.184	86590380.184
86846392.184	88579471.184
88838785.184	90379868.184
90726391.184	90906839.18399999
90980322.184	90981451.184
91069529.184	91768280.184
91942840.184	92291008.184
92367954.184	92368155.18400002
92548747.18399999	94109598.184
94957294.184	94958961.184
94966748.184	95482073.184
95658813.184	96007938.184
96777191.184	97470055.184
97640769.18400002	97723138.18399999
97810388.184	97899968.18399999
98342394.184	98505146.18400002
98845287.18400002	98846254.184
98855067.184	99376051.184
99880291.184	100569994.184
100919061.184	101007133.18400002
101193922.184	101279044.184
101625940.184	101788192.184
101952342.184	102043937.184
102573583.184	102914050.184
103000157.184	103173840.184
103606874.18399999	103953426.184
104122045.184	105077490.184
105078042.184	105078173.184
105078339.184	105583735.184
106026975.184	106363877.184
106366614.184	106805329.184
107068207.184	107150253.184
107233890.184	108783290.18399999
108790065.184	108790226.184
108872155.184	108961966.184
109039855.184	109733509.184
110420292.184	110946559.184
110953367.18400002	111034510.184
111044394.184	112073852.184
112076746.18400002	112337502.184
112422486.184	112581298.18400002
112586558.18399999	113019355.184
113022031.184	113110876.18400002
113195400.184	113357895.18399999
113365619.18400002	113371927.184
113374640.18399999	113460071.184
113544715.184	113707190.184
113981960.184	114065417.184
114497495.184	115176501.184
115191309.184	116573816.184
116899689.18399999	117261516.184
117431600.18400002	117684210.184
118199621.18400002	118464256.184
118559132.184	118645886.184
118719247.184	118893577.184
119503768.184	120628506.184
120789255.184	121824954.184
121912425.184	123137848.184
123226617.184	123297542.184
123388803.18400002	123397686.18399999
123482461.184	123482470.184
123555878.184	123555888.184
123825459.184	125037533.184
125472869.184	125644027.18400002
125895285.18399999	125895294.184
125973072.184	126147904.18399999
126157474.18400002	126159210.18399999
126489936.184	127275096.184
127284884.184	127531873.18400002
127712730.184	127713088.184
128140346.18400002	128140355.18399999
128220309.184	128237021.184
128402676.184	128567933.184
128570369.18399999	128736957.18400002
128738927.184	128910930.184
129183125.184	130481631.184
130559182.184	131600410.184
131674031.18400002	131674044.184
131761984.184	132799796.184
132806606.184	132979628.18399999
133231707.184	133242826.184
133321583.184	133500239.184
133840114.18399999	134008434.184
134010849.184	134452645.184
134611648.184	134698089.184
134798106.184	134963398.18400002
135062749.18400002	135927543.18400002
136004992.18400002	136177334.18400002
136266005.184	136440793.18400002
136513896.184	136952929.18400002
137031339.18400002	137137007.18400002
137474700.184	137808237.184
137813283.184	138072746.18400002
138166756.18400002	139122652.184
139200231.18400002	139282456.18400002
139294161.184	139538814.18400002
139626034.184	139631185.184
139898981.184	140152192.18400002
140315610.18400002	140330262.18400002
140333122.18400002	141280794.184
141444029.184	141527830.18400002
141629804.18400002	141698795.18400002
141701407.18400002	141703038.184
141705691.184	141710104.184
141797319.184	141882147.18400002
141888879.18400002	141969106.184
142133750.184	142229594.18400002
142234616.18400002	142475594.184
142481772.184	142656274.18400002
142823741.18400002	142911274.18400002
142918270.18400002	143350900.184
143529827.184	143703494.18400002
143868535.18400002	143952447.184
144036780.184	144212415.18400002
144290709.184	144292411.18400002
144651233.18400002	144911371.184
144991398.184	145152548.184
145159100.184	145603965.184
145775383.184	145777160.184
145941011.18400002	146809393.184
146896672.18400002	147493697.184
147668129.18400002	147935198.18400002
148276400.18400002	149565739.184
149656291.18400002	150163277.18400002
150170357.184	150170366.184
150257754.18400002	150257763.18400002
150346514.184	150432145.18400002
150439851.184	151120673.18400002
151288230.18400002	151977755.18400002
152066928.184	152601698.184
152680125.184	154926957.18400002
155007057.18400002	155007067.18400002
155089190.184	155367330.184
155438246.184	155883398.184
156050052.184	156050061.18400002
156218222.18400002	156742247.184
156907225.184	157003020.18400002
157088288.18400002	157178532.18400002
157256066.18400002	157256074.18400002
157337491.18400002	158119931.184
158128061.184	159756500.184
159757422.184	163134941.18400002
163476805.18400002	164263271.18400002
164347734.18400002	164427369.184
164434049.184	165285486.184
165456350.184	167111924.184
167189709.184	168153113.184
168401795.18400002	168483774.184
168653153.18400002	168655734.18400002
168840379.184	168916880.18400002
168929856.184	169102406.18400002
169191284.184	169277631.184
169355375.184	169363238.184
169440966.18400002	169535044.184
169613029.184	169690761.184
169696965.184	169781387.18400002
169789253.184	170470828.18400002
170482004.18400002	170917469.18400002
170918764.184	171160513.184
171250151.184	171347286.18400002
171431691.18400002	171599461.18400002
171850711.184	172113507.184
172203923.18400002	172289054.184
172382943.18400002	172455839.184
172474623.184	172542784.184
172550449.184	172560168.184
172633386.184	172727516.184
172806168.18400002	172806182.18400002
172895995.18400002	173233338.18400002
173319709.184	173417202.18400002
173507188.18400002	173933815.18400002
173940659.184	173940669.184
174013597.18400002	174615443.184
174629172.184	174634358.18400002
174874943.184	174892182.184
174961829.184	175047795.18400002
175141107.184	175306045.184
175400887.184	175923936.18400002
176002239.184	176272683.18400002
176273681.184	177051256.184
177140022.18400002	177304416.184
177393213.18400002	178088833.18400002
178162346.184	178250636.18400002
178342990.18400002	178507271.184
178684168.18400002	179377905.18400002
179467970.184	179810943.18400002
179891423.18400002	180576100.184
180670564.184	180840681.184
180850211.184	180855595.184
180941139.184	180941148.18400002
181098094.184	181098104.18400002
181105136.18400002	181790461.18400002
181880871.18400002	181959504.18400002
181967977.184	182133013.184
182146238.18400002	182318177.184
182393531.18400002	182393541.184
182822795.18400002	183007769.184
183098516.184	186286710.18400002
186457601.18400002	186644117.184
186895432.184	187401736.18400002
187409712.18400002	187584955.18400002
187673879.18400002	187927187.184
187939379.184	188276112.18400002
188277052.18400002	188278721.18400002
188283998.18400002	188354831.18400002
188445379.18400002	190178571.184
190344710.18400002	193625345.184
193628629.18400002	193800899.184
194231066.18400002	194231076.184
194240349.184	194314726.18400002
194317625.18400002	195179469.184
195267038.184	195362692.184
195610757.184	195801473.18400002
195957312.184	195963991.18400002
196048770.184	196131842.18400002
196140199.18400002	196302724.184
196487776.184	196925177.184
197009466.18400002	197009475.184
197177047.18400002	197516818.184
197688684.184	197701687.184
197867478.184	198556949.184
198638193.184	198807823.18400002
198812931.184	200024137.18400002
200034619.18400002	200201860.18400002
200209205.18400002	200374902.184
200450928.18400002	201315719.184
201672811.184	201754054.18400002
202015464.18400002	202093305.18400002
202281087.184	202444026.18400002
202528697.18400002	202532312.18400002
202611843.18400002	202699763.184
202783803.184	204165498.18400002
204177097.184	204339083.184
204351857.18400002	204524463.184
204601628.18400002	204951450.18400002
204959215.18400002	204959220.18400002
205032804.184	205036952.184
205044928.184	205218591.18400002
205388668.184	205980768.18400002
206243302.18400002	206596331.18400002
206687121.18400002	207965973.184
207968756.184	207976186.18400002
208054247.18400002	208225914.184
208237501.184	209531316.184
209609186.184	209870176.18400002
210048435.18400002	210051488.184
210302333.184	210403542.184
210482133.184	210660961.18400002
210729755.18400002	210729763.184
210741055.184	210917180.18400002
210999336.18400002	211180223.184
212985123.18400002	212986942.184
212990141.184	212993728.184
213162335.18400002	213239612.184
213252721.18400002	213498318.184
213601224.18400002	214543769.184
214547274.18400002	215236652.18400002
215398162.184	215401443.18400002
215569181.18400002	215828433.184
215921916.18400002	217488358.184
217561593.184	217561600.184
217647938.184	217819272.184
217824888.184	218002911.184
218083448.184	218086187.184
218092819.184	218253776.18400002
218259652.18400002	219371682.18400002
219376606.18400002	219380112.18400002
219557610.184	221098598.184
221105089.184	222830887.184
222913156.184	222919029.184
222921788.184	223530058.18400002
223536902.18400002	223695921.184
223701116.184	224385593.18400002
224388685.184	225262559.18400002
225263401.184	225595917.18400002
225607780.18400002	225860543.184
225862762.184	226120350.18400002
226203519.184	226990389.184
227079606.18400002	228366516.184
228374361.184	228620997.184
228628712.18400002	228711484.184
228792754.18400002	228963660.184
228971530.18400002	229914882.18400002
230091127.184	230169874.18400002
230176864.18400002	230358465.184
230430741.18400002	230966517.184
231038481.18400002	231470217.18400002
231476934.18400002	232172540.18400002
232263544.18400002	232346374.184
232417976.18400002	232417983.18400002
232680487.184	232690055.184
232849793.184	232849801.18400002
232856068.184	232862009.18400002
233036489.184	233382206.184
233455642.184	233811814.18400002
233888487.18400002	233981758.18400002
234064778.18400002	234064786.184
234077832.184	234672101.18400002
234749313.18400002	234922981.18400002
234927152.18400002	235198380.18400002
235269495.18400002	236049549.184
236060451.184	236233314.18400002
236304082.184	237005053.184
237175869.184	237436225.18400002
237445446.184	237687596.184
237701385.18400002	237703020.184
237865522.18400002	238130647.18400002
238217360.18400002	238993032.18400002
238998019.18400002	239504539.184
239515026.18400002	239682770.18400002
239688537.184	239690253.18400002
239780317.184	239852954.184
239934748.184	239939070.18400002
239950563.18400002	240198492.184
240210675.18400002	240372830.18400002
240382447.18400002	240459952.18400002
240624316.184	240643223.184
240723722.184	240900674.184
240903357.184	241248183.184
241335329.18400002	241505579.18400002
241580833.184	241752586.184
241837526.18400002	242278058.18400002
242442278.184	242962052.18400002
242964685.184	243478825.18400002
243486691.18400002	244095948.184
244098695.18400002	244602313.184
244610063.18400002	244776685.184
244782958.184	244962243.18400002
245034940.18400002	245135503.184
245208578.18400002	245208582.184
245212777.184	245212786.18400002
245215648.184	246075949.18400002
246154019.184	246328652.18400002
246338918.18400002	246591833.184
246594791.184	246678142.184
246765689.184	247018947.18400002
247030972.18400002	247036992.18400002
247111917.18400002	247115731.18400002
247204531.18400002	247289324.18400002
247364494.184	247367991.184
247456604.18400002	247714225.184
247717681.184	247801341.184
247806672.18400002	247894005.18400002
247968931.18400002	247973698.184
247983688.184	248147136.184
248154821.184	248847144.18400002
248926638.184	249360963.184
249438998.18400002	249628864.184
249712631.18400002	249783599.184
249789584.18400002	249792892.18400002
249869913.184	249876027.184
249881869.184	249969195.184
249975173.184	250402198.18400002
250475586.184	250491301.18400002
250562236.18400002	250822310.18400002
250906062.184	250906070.18400002
250911048.184	251006237.184
251096178.18400002	251181644.18400002
251251441.184	251426729.18400002
251436558.18400002	252046320.18400002
252126733.184	252297983.18400002
252378787.184	252471287.184
252549455.18400002	252989850.18400002
252995970.18400002	253504725.18400002
253599765.184	253850535.18400002
253858179.18400002	253947939.18400002
254114703.18400002	254198572.184
254204767.184	254545768.18400002
254546624.18400002	254546631.184
254629601.184	254633446.184
254727381.18400002	255054820.18400002
255065119.18400002	255238063.18400002
255331353.18400002	255761468.18400002
255830979.184	255835937.18400002
255920330.18400002	256177382.18400002
256190065.18400002	256190074.184
256358543.18400002	257130180.184
257142415.18400002	257312297.18400002
257315069.184	257924216.184
257994249.18400002	258509923.18400002
258525638.184	258614707.18400002
258685493.184	258773744.184
258866201.18400002	259376766.18400002
259382750.184	259463172.184
259556165.184	259556173.18400002
259558885.184	260153137.18400002
260250114.18400002	260341024.18400002
260414149.184	260496998.184
260508585.184	260589528.184
260600912.18400002	260683848.184
260761585.18400002	260761592.184
260774284.184	261121040.18400002
261197840.184	261282349.18400002
261373467.184	261540903.184
261624909.18400002	261708450.18400002
261716408.184	261893252.184
261896104.18400002	262157718.184
262231067.184	262231075.184
262314830.184	262838802.18400002
262846430.184	263088437.184
263095237.18400002	263535755.18400002
263794402.18400002	263962891.18400002
263967237.18400002	264134422.18400002
264318025.18400002	264400993.184
264473355.18400002	264655590.184
264734022.18400002	264913294.18400002
264989931.184	265776392.184
265782034.18400002	266214035.18400002
266217882.184	266548542.18400002
266640351.184	267077576.18400002
267156850.18400002	267243501.184
267408359.184	267423073.184
267428043.18400002	267860121.18400002
267929993.184	268205149.18400002
268277631.18400002	268369258.184
268373189.184	268540096.184
268543784.184	268543789.184
268625026.184	268625030.184
268709720.184	268709728.184
268809889.184	269147507.184
269152059.184	269492381.184
269753190.184	269932172.184
270089311.184	270104844.184
270105684.18399996	270441206.184
270527342.18399996	270536750.18399996
270610354.184	271305945.184
271311628.184	271402770.184
271739798.184	271741941.184
271745788.184	271746554.184
271818893.18399996	272177563.184
272249442.184	272352082.184
272427162.184	272598427.184
272782297.18399996	273724177.184
273734334.184	273976412.18399996
273986571.184	274075952.184
274161517.184	276063014.184
276068276.18399996	276750890.184
276756868.184	276829381.184
276932450.184	277004051.184
277014124.184	277173039.184
277183691.184	277693141.18399996
277700060.184	277878901.184
278048669.184	279084214.184
279177537.184	281060491.184
281068226.184	281159727.184
281163000.184	281246316.184
281320206.184	281497711.184
281505342.18399996	281507311.184
281579855.184	281760877.184
282097819.184	282374569.184
282625821.184	282885770.184
282892777.184	282968994.184
283149387.184	283219604.18399996
283226636.184	283319569.184
283325158.184	284015208.184
284016757.184	284535138.184
284695031.184	285213606.184
285214745.18399996	285731320.18399996
285738818.184	286856183.184
286868094.184	287038390.184
287285590.184	287641308.184
287716852.18399996	287894404.184
288144316.184	288144324.18399996
288154899.184	288768376.184
289271745.184	289280381.184
289285783.184	289531757.184
289615804.18399996	289787681.184
289872942.184	289961403.184
289969136.184	290060558.184
290064098.184	290148192.184
290221233.184	290231576.184
290236700.184	290312753.184
290400222.184	290566025.18399996
290658385.184	290660080.184
290660529.184	290660537.184
290738876.184	290746555.184
290753374.184	290838262.184
290908895.184	291089813.184
291098187.184	291341136.184
291349042.184	291442283.184
291602020.184	291692808.184
291787598.18399996	292986027.184
293000844.184	293158885.184
293167828.184	293597720.184
293605487.184	295245570.184
295323383.184	295420710.184
295583576.184	295749471.18399996
295762126.184	295852175.184
296273519.184	297308541.18399996
297484772.184	298181552.184
298184698.184	299121324.184
299129042.184	299211145.184
299301918.184	299382488.184
299471399.184	300430605.184
300431893.184	300513557.184
300515000.184	300516642.184
300517566.184	300758681.184
300762928.184	300762936.184
300770755.18399996	300770763.184
300775014.184	301371416.184
301450003.18399996	301899215.184
302061489.184	302751170.184
303024271.184	303440832.184
303453741.18399996	303454527.184
303610145.184	303699064.18399996
303709037.184	304218390.184
304315950.184	304317344.18399996
304391749.184	304402178.184
304568329.184	304820471.184
304833307.184	304914629.184
305083176.184	305258387.184
305269751.184	305351896.184
305444449.184	305515744.184
305524768.184	305695624.184
305770109.184	305857320.184
305951618.18399996	305951971.184
305961840.184	305961848.184
306031089.18399996	306134354.184
306209900.184	306293675.184
306300361.184	306902827.184
306993532.184	307161786.184
307164627.184	308206365.184
308455263.184	308455272.18399996
308545731.184	308545735.184
308799732.184	310962385.184
311051497.184	311480343.184
311486868.184	312786619.184
312859004.184	313375105.184
313381825.184	315110525.184
315111686.18399996	316922665.184
316934481.184	317360589.18399996
317450392.184	319682304.184
319771704.184	320285257.184
320302330.184	321844760.184
321845736.184	323655596.184
323665319.184	323829305.184
323839533.184	324692502.184
324952662.184	324962876.184
324967946.184	324968984.184
325042931.184	325139985.184
325296086.18399996	325394565.184
325484558.184	326082809.184
326171799.18399996	326609744.184
326696618.184	326949061.18399996
326956682.184	327284219.18399996
327291363.184	327648159.184
327729515.184	327899301.184
327985052.184	328153722.184
328167225.184	330836033.184
330913931.184	331100774.184
331174371.184	331272762.184
331353701.184	331353709.184
331434969.184	331434978.184
331439530.184	331609540.18399996
331615823.184	331691480.184
331777250.184	331789889.184
331863558.18399996	332560123.184
332568676.18399996	334032868.184
334040240.184	335664423.18399996
335673787.184	335849966.184
335924995.18399996	336114625.184
336202423.184	336807595.18399996
336978297.184	337059556.184
337140904.184	337998171.184
338084320.18399996	338185420.184
338264329.184	338439556.184
338524313.184	338689362.184
338698531.184	338876869.18399996
338953393.184	339046878.184
339127238.184	339740849.18399996
339830742.18399996	339999056.18399996
340089517.184	340433487.184
340506200.18399996	340954358.18399996
341125567.184	342244651.184
342249888.184	342329396.184
342337109.184	342501399.18399996
342509917.18399996	342593363.184
342757594.184	342768177.184
342840807.184	342849351.184
342940945.18399996	343354548.184
343372962.184	343443793.184
343623677.184	343714119.184
343788698.184	343966564.184
344146034.184	344313729.184
344319845.184	344393985.184
344396646.184	344407367.184
344483898.184	344662168.184
344752025.184	344829422.184
344915063.184	345010363.184
345086437.184	345092189.18399996
345101987.184	345255618.18399996
345263429.184	345442113.184
345514905.184	345699728.18399996
345945812.184	345958158.184
346032931.184	346040013.184
346212894.184	346218102.184
346291553.184	346297428.184
346383084.184	346383092.184
346387276.18399996	346387283.184
346472181.184	346483947.184
346569882.18399996	346569891.184
346639883.18399996	346639891.184
346821392.184	346823880.184
346828804.18399996	346904351.184
347072804.184	347330113.184
347425009.18399996	347516561.184
347591958.184	347850954.18399996
347860584.184	347953071.184
348106644.184	348116140.184
348119070.184	348200871.184
348206031.184	348371087.184
348452269.184	348456493.184
348540330.184	348540338.184
348544003.184	348544011.184
348555214.184	348638401.18399996
348721060.184	348725434.184
348799882.184	348799890.184
348803071.184	348809100.184
348975109.184	349075941.184
349144446.184	349146346.184
349161615.184	350615830.184
350618187.184	350959529.184
350965009.184	351835040.184
351839116.184	352172950.184
352175418.184	352272870.184
352343684.184	352425960.184
352429635.184	352525174.184
352529728.184	353127686.18399996
353128557.184	353295067.18399996
353384838.184	353563627.184
353567505.184	353653549.184
353725203.184	353726868.18399996
353732151.184	354595438.18399996
354603209.184	354846598.184
354854538.184	355033263.184
355110264.18399996	355285094.18399996
355296092.18399996	355381792.184
355551066.184	355722986.184
355799908.184	356664763.184
356673161.184	356749314.184
356756969.184	356756977.184
356764320.184	357102899.184
357109869.184	357800139.18399996
358043682.184	358482464.184
358564646.184	358653875.184
358733369.184	359528786.184
359596910.18399996	359862202.184
359870005.18399996	360120002.18399996
360306301.18399996	362451999.18399996
362621082.184	362629008.18399996
362719847.184	363244808.18399996
363316878.18399996	367645141.18399996
367734445.184	368600042.184
368680221.184	368763321.184
368772188.18399996	369023609.18399996
369032127.184	369971152.184
369976282.184	370231439.184
370242575.18399996	370580140.184
370665029.184	370669140.18399996
370845371.184	370848101.184
370934439.184	371540304.184
371613542.18399996	371613547.184
371619877.184	371960069.184
371968751.18399996	372474373.184
372489029.184	372733580.184
372747974.18399996	372902803.184
372908043.184	373007998.184
373092928.184	373339773.184
373342468.184	373440835.184
373526347.184	374029521.18399996
374035244.18399996	374474948.18399996
374640421.184	374719713.184
374721527.184	374906109.18399996
374907931.18399996	374907936.18399996
374981322.184	374993375.184
375066823.184	375243112.184
375244773.184	375513691.18399996
375595892.184	376015643.184
376105625.18399996	376201574.184
376285486.18399996	376794262.184
376892845.184	376982390.184
377060365.184	377241077.184
377325414.184	377672735.18399996
377751571.184	377751579.184
377756672.18399996	377756680.18399996
377835337.18399996	377835346.184
377921644.184	377921652.18399996
377933809.184	377933817.184
378004605.184	378011516.184
378087401.184	378173827.18399996
378189788.18399996	378352071.184
378357252.184	378538386.184
378609437.18399996	378790845.184
378797635.184	378958598.184
378962159.184	379042079.18399996
379049912.184	379210080.184
379212573.18399996	379228235.184
379301477.18399996	379396671.184
379398245.184	379480273.18399996
379487031.184	379816507.184
379920065.184	380171610.184
380176863.18399996	380423128.18399996
380427439.184	380606298.184
380680577.18399996	381302415.18399996
381369753.18399996	381458816.18399996
381464105.184	381636082.184
381646407.184	381807031.18399996
381889996.184	381991171.184
382064543.184	382074917.184
382165429.184	382410875.18399996
382421486.18399996	382426608.18399996
382498216.184	382502580.184
382508634.18399996	383539683.18399996
383618669.184	384826964.184
384831328.184	384831336.184
384920353.184	384920707.184
384932207.18399996	385002087.18399996
385008103.184	385009302.184
385014497.184	385171301.184
385258816.184	385450565.18399996
385517032.18399996	386123587.184
386135769.18399996	386227394.184
386300111.18399996	386311998.184
386391427.184	386469228.184
386481575.184	387598588.184
387610523.18399996	388030246.184
388110864.184	388204201.18399996
388205889.184	388205898.184
388300938.184	388457546.184
388474599.18399996	388732971.18399996
388807921.184	388817648.184
388895464.184	388895473.184
388904637.184	392093197.18399996
392183639.184	393295039.184
393304120.184	393472631.184
393568874.184	393725060.184
393731995.184	394164644.184
394177017.184	394592774.184
394598389.184	395112832.18399996
395194914.184	395367600.184
395465437.184	396154843.184
396159880.18399996	396321543.184
396418085.18399996	396844297.184
396855289.18399996	397008249.184
397015483.184	397189594.184
397196757.18399996	397196765.184
397283184.184	397365400.184
397373145.184	397373153.184
397534644.184	397632325.18399996
397789470.184	397884182.18399996
397975385.18399996	398055643.184
398145306.184	398583496.184
398650162.184	400650850.18399996
400733794.18399996	400897271.184
400905121.18399996	401070226.18399996
401077984.184	401243638.184
401251356.18399996	402024865.18399996
402032265.184	402111732.184
402120659.184	402198453.184
402212078.18399996	402714095.184
402714971.184	404274540.184
404282341.184	405495433.184
405653734.184	405658464.184
405747542.184	406091393.18399996
406168522.184	406258528.184
406263701.184	406433581.184
406444960.184	406525532.18399996
406529531.184	406684997.184
406701387.18399996	406701395.18399996
406772296.184	407388452.184
407396052.184	407550026.18399996
407561942.184	408076003.18399996
408154022.184	408340346.184
408423373.184	408585718.184
408605059.184	409203472.184
409366791.184	409726598.184
409802217.18399996	409970667.184
410059826.18399996	410670822.18399996
410676960.184	413256583.184
413260100.184	413783930.18399996
413957200.18399996	414217383.184
414290834.184	414303225.184
414306218.18399996	415336271.18399996
415420002.18399996	415428021.184
415515856.18399996	415591146.184
415673095.18399996	415673447.18399996
415757100.184	415757835.184
415771583.184	415930982.18399996
416028391.184	416376608.184
416449071.184	416543454.184
416544370.184	416622760.184
416628049.184	416986636.18399996
417066115.184	417144091.184
417156045.184	417331255.18399996
417490188.18399996	417576531.184
417659804.184	419049829.184
419055101.184	419225861.18399996
419303943.184	419310804.184
419476846.184	419571825.184
419663219.18399996	419740876.18399996
419750726.18399996	419823075.18399996
419904437.184	419921842.184
420181627.184	420183235.184
420255975.184	420257468.184
420341405.184	420352050.184
420436743.184	420615614.184
420687751.18399996	420778747.18399996
420855566.184	420861691.184
421033642.184	421046552.184
421286587.18399996	421808594.184
421818829.184	421989056.184
422067042.184	423548880.184
423629029.184	423888981.184
423973933.184	424054742.184
424064740.184	424743780.18399996
424916269.18399996	425005333.184
425100569.184	425268901.184
425351797.18399996	425450403.184
425523877.184	425619515.184
425788995.18399996	426055316.184
426130554.18399996	426130563.184
426212173.184	426212177.184
426216004.184	426228546.18399996
426298981.18399996	426307611.184
426816354.18399996	427782425.184
427866804.18399996	427945500.18399996
428115586.184	428129763.184
428215212.184	428549656.184
428805247.184	429070708.184
429155104.18399996	429243495.18399996
429323471.184	430706221.18399996
430714575.184	430887702.184
430966810.18399996	430974976.184
430979010.184	431060917.184
431140586.184	432957456.18399996
432967211.184	433054295.184
433123346.18399996	433399980.18399996
433570974.184	433647250.184
433911702.184	434256042.18399996
434337380.184	434509355.184
434524272.184	435290372.184
435300886.184	435465581.184
435557258.184	436683234.184
436759086.184	436759094.18399996
436844826.18399996	437097736.184
437187991.184	438914904.184
439015992.184	439520481.18399996
439524739.18399996	439796301.184
439873866.18399996	439880138.18399996
439959357.18399996	440130362.18399996
440139372.184	440640553.18399996
440655793.18399996	441002946.18399996
441088027.184	441254840.18399996
441262416.18399996	441516508.184
441524234.184	442465234.18399996
442466891.184	443149244.18399996
443156903.18399996	443425057.184
443498395.184	443934010.184
443941850.18399996	444276040.184
444283926.18399996	444873927.184
444888743.184	445138087.184
445152819.184	445221895.18399996
445226537.18399996	445314309.184
445324763.184	445495815.184
445748103.184	446016092.18399996
446016937.184	446784387.184
446863892.18399996	446875617.184
447050594.184	447381903.184
447466835.184	448164099.18399996
448174305.18399996	448337002.184
448347136.18399996	448349168.18399996
448420438.18399996	448420447.184
448423198.184	448597528.18399996
448603558.18399996	448680726.184
448692781.18399996	448771311.184
448776565.18399996	448863082.18399996
448868337.184	449297778.18399996
449382891.184	449635274.184
449642412.184	449722021.184
449802296.184	450161530.184
450234876.18399996	450243531.18399996
450412938.184	450576225.18399996
450668964.184	450763167.18399996
450764521.18399996	451804202.184
451875083.18399996	451958684.184
451961362.184	451965007.184
451972493.18399996	452060904.184
452141981.184	452145128.18399996
452313823.184	452403024.18399996
452408649.184	452666499.184
452751967.184	452916143.18399996
453259056.184	453521884.184
453696896.184	453781766.18399996
453946033.18399996	455088003.184
455158298.184	455241744.184
455260295.18399996	455418330.184
455507055.184	456550819.18399996
456626161.184	456721849.184
456797361.184	456983131.18399996
456989541.184	457670552.184
457674786.184	457674790.184
457761144.184	457761152.184
457764982.18399996	458198450.18399996
458270326.184	458285144.184
458356585.184	458442959.18399996
458787939.184	458793168.18399996
458800906.18399996	458888641.184
458975221.18399996	458976350.184
459132545.184	459140298.184
459478050.18399996	459480892.184
459835877.18399996	460004495.184
460088746.184	460181262.184
460271340.18399996	460354294.184
460427709.184	460427717.184
460605390.184	460617522.184
460775959.18399996	461815424.184
461824537.184	461985189.184
461994149.184	462073517.184
462082900.184	462680780.184
462689539.18399996	462941231.184
462950482.184	463114567.184
463287641.184	463370318.184
463460433.18399996	463802495.18399996
463809229.184	464679234.184
464752597.184	465882875.184
466046933.184	466396931.184
466487061.184	466733221.184
466906610.184	466912937.18399996
466922277.184	467006003.18399996
467079694.184	467093296.184
467176281.184	467264676.184
467425419.18399996	467513216.18399996
467530348.184	467876156.184
468043160.18399996	470458868.18399996
470467153.184	470896712.18399996
470969072.184	472276629.184
472436486.184	472526466.184
472621921.184	472705778.184
472867364.184	472956643.184
473052512.184	475559623.184
475650577.18399996	476598952.18399996
476671945.184	477108850.18399996
477116611.184	477189333.18399996
477197654.184	478495787.184
478580495.184	478848800.18399996
478919677.18399996	479267412.184
479272603.184	479617348.18399996
479618195.184	479623842.184
479694211.184	479871806.184
480043074.18399996	480228594.184
480311599.184	480571022.184
480651477.184	480741404.184
480832595.18399996	481334626.18399996
481342480.184	483151849.18399996
483159678.184	483239902.184
483252853.184	483511074.18399996
483581006.184	483930089.18399996
484102926.18399996	485836964.18399996
485843234.18399996	486015629.184
486093647.184	486278625.184
486436798.18399996	486795977.18399996
487043088.184	487126794.184
487129576.184	487394704.18399996
487482865.184	487653119.184
487734123.184	487734127.184
487816699.18399996	487831879.184
487905188.184	488951518.184
488955337.18399996	488955345.18399996
489036606.184	489036614.18399996
489040736.184	489295458.18399996
489370945.18399996	489717016.18399996
489805245.18399996	490080276.184
490238169.184	490855759.184
491013012.184	491283757.184
491374176.184	491530698.18399996
491538595.184	491543831.184
491621451.184	492052404.18399996
492062759.18399996	492152000.184
492235048.18399996	492919069.184
493017789.184	493269178.184
493443689.18399996	493785808.184
493790254.184	494314771.184
494397451.184	494476056.184
494558379.184	495165435.184
495260792.18399996	495864453.184
495945113.184	495948622.18399996
496028095.184	496283460.18399996
496294113.184	496296558.18399996
496379655.184	496718145.184
496801295.184	496976825.184
496984420.18399996	497665807.184
497760987.184	497849145.18399996
498017601.184	498284437.18399996
498368454.18399996	498535852.18399996
498541381.184	498541390.184
498546544.184	498797698.184
498802977.184	498893980.184
498974220.184	499140715.184
499225733.184	499669620.18399996
499754275.184	500357504.184
500435835.184	502685652.184
502763585.184	504076919.184
504152746.184	504152754.184
504160115.18399996	504329196.184
504408538.184	504504676.18399996
504590991.184	504755333.184
504845203.18399996	505009276.184
505100570.184	507781639.184
507788471.18399996	507788480.18399996
507790167.184	508040785.184
508129328.184	508567162.184
508741031.184	509424978.184
509513093.184	509513102.18399996
509588634.184	509676609.18399996
509775967.184	510199367.184
510290714.184	510293475.18399996
510384385.184	510458222.18399996
510538660.18399996	510637088.184
510720121.18399996	511162602.18399996
511239739.184	511407983.18399996
511489840.184	511579077.18399996
511662857.18399996	511750966.18399996
511764609.184	511845230.18399996
511923051.18399996	512285099.184
512365999.184	512454369.184
512528826.184	512538747.184
512611433.18399996	512611442.184
512620230.184	512706587.184
512788711.18399996	512973512.18399996
513144391.184	513145592.18399996
513230929.184	514430057.184
514435363.18399996	514523750.18399996
514698113.184	514775691.184
514783485.184	514786147.184
514787149.18399996	515738130.184
515739953.184	519184097.184
519196766.18399996	519361167.184
519451109.184	519882911.184
519884544.184	520046077.18399996
520057487.184	520059209.184
520141061.18399996	520141070.184
520144885.184	520229357.18399996
520395331.18399996	520492192.184
520573161.184	520646972.184
520733285.184	520823210.184
520835866.18399996	521002517.18399996
521357652.184	521424520.184
521439690.184	521514210.18399996
521526961.184	521612929.184
521691242.184	521694913.184
521769808.184	522394555.184
522471515.18399996	523939415.184
524116785.184	527317008.184
527387909.184	527473874.184
527486852.184	527565565.184
527577955.184	528340789.184
528347757.184	528347765.184
528441885.18399996	532406799.18399996
532490423.18399996	533781999.184
533789662.184	534404106.184
535177414.184	535340122.184
535425604.184	535613542.184
535687018.18399996	536461987.184
536631514.184	537422241.184
537506714.184	537597741.184
538975617.184	539672992.184
539748091.184	540179791.184
540267296.184	540869434.184
540879726.184	540953069.184
540956845.184	541055178.184
541130683.184	541308510.184
541385167.184	541559661.184
541571151.184	541814754.184
542080833.184	542256854.184
542257260.184	542681470.184
542698401.184	543116916.184
543127285.184	543464284.184
543552377.184	544499313.184
544508509.184	544581878.184
544586518.184	544930314.184
545023538.184	545026310.184
545103284.184	545185356.184
545272258.184	545282074.184
545377036.184	545449359.184
545532295.184	545620000.184
545709572.184	547523315.184
547534592.184	547793649.184
547877643.184	547877651.184
547956068.184	548213444.184
548226214.184	548653032.184
550388078.184	550465150.184
550467885.184	550548732.184
550551505.184	551329953.184
551495675.184	552096363.184
552100537.184	552100546.184
552187153.184	552187161.184
552269354.184	552270867.184
552277934.184	552366829.184
552455131.184	552970794.184
553046727.184	553052682.184
553062126.184	553224608.184
553232413.184	553307909.184
553999805.184	554003947.184
554086354.184	554345978.184
554353313.184	555653226.184
555813904.184	556090759.184
556164196.184	556862775.184
556951363.184	558850304.184
558933181.184	561360925.184
561438647.184	561859670.184
561879382.184	562046862.184
562206842.184	563687960.184
563766306.184	564625312.184
564632727.184	564643295.184
564722602.184	566624444.184
566701301.184	566705725.184
566784295.184	566789505.184
566876709.184	566876717.184
567395409.184	567398529.184
567476471.184	567566264.184
567577515.184	567655395.184
567668044.184	567734711.184
567825430.184	567828743.184
567918045.184	567919713.184
567998851.184	568081450.184
568167331.184	568168620.184
568255459.184	568271263.184
568346379.184	568355805.184
568357663.184	568357671.184
568519334.184	568531374.184
568601949.184	568610610.184
568702256.184	568777613.184
568785966.184	569464215.184
569477608.184	569480623.184
569649091.184	569724736.184
569736632.184	569828168.184
569907715.184	570857966.184
570948861.184	571539078.184
571639117.184	571975856.184
572056302.184	572152387.184
572246425.184	572411327.184
572494539.184	572848095.184
573100284.184	573177673.184
573352578.184	573358472.184
573364794.184	574487847.184
574562794.184	574649988.184
574656251.184	574666396.184
574738243.184	574751930.184
574835868.184	574839652.184
574911987.184	575164870.184
575172749.184	575339612.184
575352616.184	575529114.184
575604767.184	575689605.184
575778399.184	575778407.184
575786130.184	575942669.184
576029344.184	576563796.184
576634550.184	576734267.184
576807673.184	576818711.184
576825674.184	576984826.184
576991557.184	577073558.184
577157736.184	577595555.184
577673988.184	578289544.184
578362023.184	578371536.184
578381717.184	578451726.184
578539864.184	578552970.184
578629676.184	578802611.184
578883775.184	578884837.184
578890872.184	578974385.184
578980519.184	578983301.184
579066909.184	580362012.184
580439997.184	580453818.184
580612781.184	580627512.184
580698789.184	580709254.184
580799206.184	581562365.184
581578444.184	581734086.184
581741839.184	581992649.184
582005487.184	582171512.184
582177156.184	583113823.184
583119183.184	583202673.184
583207974.184	583375598.184
583383582.184	583388041.184
583460418.184	583565084.184
583646181.184	583817129.184
583824321.184	584427969.184
584508556.184	585375892.184
585621171.184	585889091.184
585893340.184	585893348.184
585969482.184	585969490.184
585973651.184	587187457.184
587194852.184	587280915.184
587438498.184	588217415.184
588315168.184	588470558.184
588566852.184	589523885.184
589595709.184	589607614.184
589611822.184	589694920.184
589773505.184	589853326.184
589858978.184	589864369.184
589954893.184	590635938.184
590642948.184	590804180.184
590821913.184	590985676.184
591074636.184	591076417.184
591153249.184	591166178.184
591235348.184	591511990.184
591585300.184	592890805.184
592965968.184	592972171.184
593055232.184	593238975.184
593312454.184	593396212.184
593404136.184	593489955.184
593495538.184	593656494.184
593662530.184	593845734.184
593922596.184	593925401.184
593929291.184	594088284.184
594099540.184	594275808.184
594349144.184	594439112.184
594524666.184	595054563.184
595127996.184	595656747.184
595662015.184	595742119.184
595815637.184	595910462.184
595911447.184	596351283.184
596423754.184	597303609.184
597381240.184	597470108.184
597554012.184	598755170.184
598761616.184	598942659.184
599015230.184	599188849.184
599193989.184	599288736.184
599366580.184	599875383.184
601272357.184	601358311.184
601518982.184	602308613.184
602389072.184	602484146.184
602644778.184	602736323.184
602744183.184	602827602.184
602833089.184	602901454.184
602907124.184	602997869.184
603003980.184	603083564.184
603090499.184	603515451.184
603522213.184	604026880.184
604122003.184	604128862.184
604212566.184	604560129.184
604637905.184	604992994.184
605066200.184	605074191.184
605078393.184	605769946.184
605844053.184	606013194.184
606022266.184	606960574.184
606967158.184	607060789.184
607132913.184	607138123.184
607140905.184	607481141.184
607498775.184	607651377.184
607656472.184	609913381.184
609986929.184	611213733.184
611289220.184	611460718.184
611539391.184	611644317.184
611645645.184	611719033.184
611726778.184	611893569.184
611900918.184	611981743.184
612057750.184	612157145.184
612241101.184	612589946.184
612666991.184	612838968.184
612846769.184	613102435.184
613269274.184	613625450.184
613802382.184	613963136.184
614045002.184	614055439.184
614145232.184	614237576.184
614317245.184	614480494.184
614484821.184	614484829.184
614566090.184	614566098.184
614583352.184	614668897.184
614740747.184	614841551.184
614914218.184	614995322.184
615100237.184	615100245.184
615180554.184	615180563.184
615264044.184	615433663.184
615438633.184	615534046.184
615614907.184	615690370.184
615773805.184	615868248.184
616037558.184	616734846.184
616813259.184	616902117.184
617000996.184	617160040.184
617163498.184	617946840.184
618039558.184	618116065.184
618121363.184	618125619.184
618199068.184	618283804.184
618290583.184	618542475.184
618547574.184	618633808.184
618640625.184	620267677.184
620273519.184	620451578.184
620525832.184	621408139.184
621740072.184	621916274.184
621922434.184	622348151.184
622435436.184	622525222.184
623118883.184	623813547.184
623821315.184	624588376.184
624673134.184	624936048.184
624948596.184	625118775.184
625122544.184	625190507.184
625197756.184	625201031.184
625279973.184	625297193.184
625374962.184	625450648.184
625458404.184	625469000.184
625640097.184	625642817.184
625882552.184	625889860.184
625974622.184	626067500.184
626147411.184	626151603.184
626238704.184	626313898.184
626321000.184	626327631.184
626404765.184	626579094.184
626592862.184	626664800.184
626762225.184	627102030.184
627102876.184	627180360.184
627193326.184	627278779.184
627350505.184	627443112.184
627449950.184	627698906.184
627711710.184	628562197.184
628579440.184	628734746.184
628747082.184	628821327.184
628830501.184	628832627.184
628839176.184	629010387.184
629085435.184	629339725.184
629344972.184	629351901.184
629427596.184	629523043.184
629530629.184	629605969.184
629611567.184	629701033.184
629861443.184	629871962.184
629949453.184	630046584.184
630126961.184	630211519.184
630215711.184	630638028.184
630646933.184	630903293.184
630908456.184	630981347.184
630988368.184	631075652.184
631158980.184	631340060.184
631412132.184	632715964.184
632971250.184	632973392.184
632981261.184	633846314.184
633917962.184	633920682.184
633926649.184	633934403.184
634005196.184	634179586.184
634187672.184	634279103.184
634364613.184	634529916.184
634537620.184	634609093.184
634617151.184	634621413.184
634695406.184	634787972.184
634792268.184	634968513.184
635045659.184	635567570.184
635646096.184	635909352.184
635914929.184	635923362.184
635995094.184	636003878.184
636083195.184	636096346.184
636169629.184	636180121.184
636253264.184	636348636.184
636356160.184	637306802.184
637377271.184	637461405.184
637475245.184	637738669.184
637813104.184	637823249.184
637900274.184	638151505.184
638168071.184	638323274.184
638334892.184	638414105.184
638418415.184	638497978.184
638503086.184	638510221.184
638669036.184	638682858.184
638687506.184	638764967.184
638855133.184	639017097.184
639023153.184	641261794.184
641269099.184	642302993.184
642309233.184	642904477.184
642905321.184	643685747.184
643691812.184	644045701.184
644130335.184	644210119.184
644218707.184	644290210.184
644374302.184	645066076.184
645073928.184	645079388.184
645150990.184	645156252.184
645167516.184	645249485.184
645255645.184	645335848.184
645421086.184	645421094.184
645499294.184	645502265.184
645581797.184	645587401.184
645670200.184	645670209.184
645758206.184	646027791.184
646107982.184	646187678.184
646195401.184	646198216.184
646275787.184	646797744.184
646878107.184	646896261.184
646969682.184	646976689.184
647050691.184	647064748.184
647138154.184	647150309.184
647155573.184	647226331.184
647316196.184	647397058.184
647407878.184	647578567.184
647585772.184	647660582.184
647829187.184	647829195.184
647844793.184	647844801.184
647933784.184	648703439.184
648711170.184	649134669.184
649139841.184	649308642.184
649386058.184	649388934.184
649396789.184	649474381.184
649482046.184	649571981.184
649646205.184	649651444.184
649824353.184	649903523.184
649909045.184	649916024.184
649921131.184	650073748.184
650076421.184	650093709.184
650261589.184	650518227.184
650607788.184	650949896.184
650954097.184	651027776.184
651033014.184	651285000.184
651389820.184	651471959.184
651476196.184	653099738.184
653187741.184	653285653.184
653363936.184	653366651.184
653530070.184	656740470.184
656745601.184	656833037.184
656916983.184	656991246.184
656995475.184	656998180.184
657168936.184	657168945.184
657259636.184	657259644.184
657417765.184	657417773.184
657512217.184	657512226.184
657603934.184	658296402.184
658368105.184	658374303.184
658380426.184	658636231.184
658714051.184	658726871.184
658732914.184	658802792.184
658808891.184	658886954.184
658892846.184	658974882.184
658977500.184	659061865.184
659073440.184	659163454.184
659325774.184	659666052.184
659671249.184	660017715.184
660018697.184	660115527.184
660186141.184	660360574.184
660363989.184	661325837.184
661399174.184	661492648.184
661566748.184	661580760.184
661747315.184	661755143.184
661825867.184	661831132.184
661836200.184	662351189.184
662434357.184	664764360.184
664775998.184	665205385.184
665212742.184	665281325.184
665293448.184	665293457.184
665374264.184	665630171.184
665637934.184	665643194.184
665714161.184	665719422.184
665725068.184	665817938.184
665888683.184	665974288.184
665983446.184	666066433.184
666071537.184	666324793.184
666326557.184	666758714.184
666765452.184	667114367.184
667619119.184	669349003.184
669785959.184	669698794.184
669951356.184	672024793.184
672028905.184	672971799.184
672981039.184	673231646.184
673235273.184	673414182.184
673421899.184	673490913.184
673508333.184	673584874.184
673590288.184	673665622.184
673676481.184	673839159.184
673851839.184	673935763.184
674010123.184	674093857.184
674101650.184	674183134.184
674265767.184	674280756.184
674449778.184	674529433.184
674614211.184	675060552.184
675139588.184	675231080.184
675302888.184	675564566.184
675576730.184	676791497.184
