76813228.184	76813252.184
77246325.184	77246350.184
80182850.184	80182870.184
83212302.184	83212322.184
85036759.184	85036779.184
90379868.184	90379892.18399999
90981451.184	90981471.184
91768280.184	91768303.184
92291008.184	92291028.184
94109598.184	94109618.184
94958961.184	94958981.184
97470055.184	97470076.184
97723138.18399999	97723158.18399999
97899968.18399999	97899992.184
98846254.184	98846277.184
99376051.184	99376075.18400002
100569994.184	100570018.184
101007133.18400002	101007153.18400002
101788192.184	101788216.18399999
102043937.184	102043960.184
103173840.184	103173864.184
103953426.184	103953446.184
105078173.184	105078193.184
105583735.184	105583759.184
106363877.184	106363901.184
106805329.184	106805352.18399999
107150253.184	107150277.18399999
108783290.18399999	108783314.184
109733509.184	109733533.18400002
112073852.184	112073876.18399999
113019355.184	113019379.184
113110876.18400002	113110896.184
113357895.18399999	113357919.184
113371927.184	113371951.18399999
113707190.184	113707210.184
115176501.184	115176521.184
116573816.184	116573840.184
117261516.184	117261540.18400002
117684210.184	117684234.184
118645886.184	118645910.184
120628506.184	120628530.184
121824954.184	121824974.184
123482470.184	123482491.184
125037533.184	125037557.184
125895294.184	125895318.184
127275096.184	127275120.184
127531873.18400002	127531893.18400002
128140355.18399999	128140375.18399999
128567933.184	128567956.184
128736957.18400002	128736981.184
128910930.184	128910950.184
130481631.184	130481651.184
131600410.184	131600433.184
132799796.184	132799820.18399999
132979628.18399999	132979651.184
133242826.184	133242846.184
133500239.184	133500259.184
134698089.184	134698113.18400002
134963398.18400002	134963422.184
135927543.18400002	135927564.18400002
136177334.18400002	136177700.18400002
136440793.18400002	136440813.18400002
136952929.18400002	136952949.18400002
137137007.18400002	137137031.184
138072746.18400002	138072769.184
139122652.184	139122676.18400002
139282456.18400002	139282480.184
139631185.184	139631209.18400002
140330262.18400002	140330283.18400002
141280794.184	141280818.184
141527830.18400002	141527854.184
141698795.18400002	141698816.18400002
141882147.18400002	141882170.184
142229594.18400002	142229614.18400002
142475594.184	142475618.184
142656274.18400002	142656298.184
142911274.18400002	142911298.184
143350900.184	143350921.184
143952447.184	143952471.18400002
144212415.18400002	144212439.184
144292411.18400002	144292431.18400002
144911371.184	144911392.184
145152548.184	145152568.184
145603965.184	145603989.18400002
146809393.184	146809417.18400002
147493697.184	147493721.18400002
147935198.18400002	147935219.18400002
149565739.184	149565760.18400002
150170366.184	150170386.184
150432145.18400002	150432169.184
151120673.18400002	151120693.18400002
152601698.184	152601722.18400002
154926957.18400002	154926981.184
156050061.18400002	156050085.184
156742247.184	156742271.18400002
157256074.18400002	157256095.18400002
158119931.184	158119955.18400002
163134941.18400002	163134964.184
164263271.18400002	164263295.184
167111924.184	167111947.184
168153113.184	168153482.184
168483774.184	168483798.18400002
168655734.18400002	168655754.18400002
170470828.18400002	170470852.184
171160513.184	171160533.184
171347286.18400002	171347310.184
172113507.184	172113531.18400002
172455839.184	172456205.184
172542784.184	172542808.184
172560168.184	172560192.18400002
172727516.184	172727540.184
173233338.18400002	173233361.184
173933815.18400002	173933839.18400002
174615443.184	174615467.18400002
174634358.18400002	174634382.184
175047795.18400002	175047815.18400002
175923936.18400002	175924306.184
176272683.18400002	176272707.184
177051256.184	177051276.184
177304416.184	177304436.184
178088833.18400002	178088853.18400002
178250636.18400002	178250660.18400002
178507271.184	178507295.18400002
179377905.18400002	179377929.18400002
179810943.18400002	179810967.184
180840681.184	180840702.184
180941148.18400002	180941168.18400002
181790461.18400002	181790485.184
181959504.18400002	181959528.18400002
182133013.184	182133037.18400002
182393541.184	182393561.184
183007769.184	183007793.184
186286710.18400002	186286733.18400002
187401736.18400002	187401759.184
187584955.18400002	187584979.18400002
193625345.184	193625369.18400002
193800899.184	193800923.184
195801473.18400002	195801493.18400002
195963991.18400002	195964011.18400002
196131842.18400002	196131866.18400002
196302724.184	196302748.184
196925177.184	196925547.18400002
197516818.184	197516842.18400002
197701687.184	197701711.184
198556949.184	198556969.184
201315719.184	201315739.184
201754054.18400002	201754077.18400002
202093305.18400002	202093329.18400002
202532312.18400002	202532336.18400002
202699763.184	202699786.184
204951450.18400002	204951474.18400002
205036952.184	205036976.18400002
205218591.18400002	205218615.18400002
207965973.184	207965996.184
207976186.18400002	207976209.18400002
208225914.184	208225935.18400002
209531316.184	209531339.184
210660961.18400002	210660985.18400002
210917180.18400002	210917203.18400002
211180223.184	211180243.184
212977243.18400002	212977267.18400002
212986942.184	212987308.18400002
212993728.184	212993752.184
213239612.184	213239636.18400002
214543769.184	214543793.184
215236652.18400002	215236673.184
215401443.18400002	215401463.18400002
215828433.184	215828457.184
217561600.184	217561624.18400002
217819272.184	217819295.18400002
218002911.184	218002931.184
218086187.184	218086210.184
218253776.18400002	218253799.18400002
219371682.18400002	219371706.184
221098598.184	221098619.184
222919029.184	222919049.184
224385593.18400002	224385617.18400002
225595917.18400002	225595937.18400002
225860543.184	225860908.18400002
226120350.18400002	226120374.184
226990389.184	226990413.184
228366516.184	228366540.184
228711484.184	228711504.184
228963660.184	228963684.18400002
232172540.18400002	232172564.184
232417983.18400002	232418003.18400002
232690055.184	232690075.184
234064786.184	234064810.184
234672101.18400002	234672125.18400002
234922981.18400002	234923004.18400002
235198380.18400002	235198403.18400002
236049549.184	236049573.184
236233314.18400002	236233337.18400002
237005053.184	237005073.184
237436225.18400002	237436245.18400002
237687596.184	237687616.184
237703020.184	237703044.184
238130647.18400002	238130668.184
239682770.18400002	239682790.18400002
239690253.18400002	239690274.18400002
239939070.18400002	239939093.184
240198492.184	240198512.184
240372830.18400002	240372851.18400002
240459952.18400002	240459975.184
240643223.184	240643246.18400002
240900674.184	240900694.184
241752586.184	241752606.184
242278058.18400002	242278081.18400002
242962052.18400002	242962075.18400002
244095948.184	244095972.18400002
244776685.184	244776708.18400002
244962243.18400002	244962264.184
245208582.184	245208606.184
246075949.18400002	246075973.18400002
246328652.18400002	246328676.18400002
246591833.184	246591853.184
246678142.184	246678166.18400002
247018947.18400002	247018970.184
247714225.184	247714249.18400002
247801341.184	247801365.18400002
247894005.18400002	247894029.184
247973698.184	247973718.184
248147136.184	248147157.184
248847144.18400002	248847168.184
249360963.184	249360987.184
249628864.184	249628888.18400002
249783599.184	249783623.18400002
249792892.18400002	249792912.18400002
249876027.184	249876047.184
249969195.184	249969219.184
250402198.18400002	250402221.18400002
250491301.18400002	250491324.18400002
250822310.18400002	250822334.18400002
252046320.18400002	252046344.18400002
252297983.18400002	252298004.18400002
252471287.184	252471310.184
252989850.18400002	252989870.18400002
253504725.18400002	253504745.18400002
253947939.18400002	253947959.18400002
254198572.184	254198596.18400002
254546631.184	254546651.184
254633446.184	254633466.184
255054820.18400002	255054844.184
255761468.18400002	255761492.184
256177382.18400002	256177406.18400002
257130180.184	257130201.18400002
257312297.18400002	257312321.18400002
257924216.184	257924240.18400002
258773744.184	258774113.184
259376766.18400002	259376790.184
259463172.184	259463192.184
260153137.18400002	260153160.184
260761592.184	260761616.184
261121040.18400002	261121061.18400002
261282349.18400002	261282369.18400002
261540903.184	261540926.184
261708450.18400002	261708474.18400002
262231075.184	262231098.18400002
263535755.18400002	263535775.18400002
263962891.18400002	263962911.18400002
264134422.18400002	264134442.18400002
264400993.184	264401362.18400002
264655590.184	264655614.184
266214035.18400002	266214056.18400002
266548542.18400002	266548566.184
267077576.18400002	267077597.18400002
267243501.184	267243525.184
267423073.184	267423093.184
267860121.18400002	267860145.18400002
268205149.18400002	268205170.18400002
268369258.184	268369278.184
268540096.184	268540116.184
268625030.184	268625054.184
269147507.184	269147530.184
269492381.184	269492405.184
269932172.184	269932193.184
270441206.184	270441572.184
271402770.184	271402790.184
271741941.184	271741961.184
271746554.184	271746575.184
272177563.184	272177587.184
272352082.184	272352106.184
276063014.184	276063038.184
276750890.184	276750914.184
276829381.184	276829402.184
277004051.184	277004074.184
277173039.184	277173062.184
277693141.18399996	277693165.184
279084214.184	279084235.184
281060491.184	281060512.184
281159727.184	281159750.184
281246316.184	281246340.18399996
281497711.184	281497732.184
281507311.184	281507331.184
281760877.184	281760898.184
282374569.184	282374593.184
282885770.184	282885790.184
283219604.18399996	283219628.184
284015208.184	284015228.184
285213606.184	285213630.184
286856183.184	286856206.18399996
287038390.184	287038414.184
287894404.184	287894424.184
288768376.184	288768746.184
289280381.184	289280402.184
289961403.184	289961423.184
290060558.184	290060582.184
290148192.184	290148558.18399996
290312753.184	290312776.184
290566025.18399996	290566049.184
290660537.184	290660906.184
290746555.184	290746576.184
290838262.184	290838285.184
291089813.184	291089833.184
291341136.184	291341160.184
291442283.184	291442303.184
291692808.184	291692829.184
293158885.184	293158906.184
295245570.184	295245593.184
295420710.184	295420734.184
295749471.18399996	295749495.184
295852175.184	295852199.184
298181552.184	298181576.184
299121324.184	299121344.184
299211145.184	299211166.184
299382488.184	299382511.184
300430605.184	300430629.184
300513557.184	300513577.184
300516642.184	300516666.184
300758681.184	300758702.184
300770763.184	300770787.184
301371416.184	301371440.184
301899215.184	301899239.184
302751170.184	302751190.184
303440832.184	303441198.184
304218390.184	304218414.184
304402178.184	304402198.184
304820471.184	304820494.184
304914629.184	304914653.184
305951971.184	305951995.18399996
308206365.184	308206388.184
308545735.184	308545759.184
311480343.184	311480709.184
312786619.184	312786642.184
313375105.184	313375474.184
319682304.184	319682670.184
320285257.184	320285280.184
323655596.184	323655617.18399996
323829305.184	323829325.184
324692502.184	324692522.184
324962876.184	324962900.184
324968984.184	324969008.18399996
325394565.184	325394589.184
326609744.184	326609764.184
327648159.184	327648179.184
327899301.184	327899324.18399996
331272762.184	331272785.184
331434978.184	331435001.184
331609540.18399996	331609564.184
331691480.184	331691501.184
331789889.184	331789910.184
332560123.184	332560147.184
335664423.18399996	335664447.184
335849966.184	335849990.18399996
336114625.184	336114645.184
336807595.18399996	336807615.18399996
337059556.184	337059576.184
340433487.184	340433511.184
340954358.18399996	340954382.184
342244651.184	342244672.184
342329396.184	342329419.184
342501399.18399996	342501765.184
342593363.184	342593384.184
342768177.184	342768197.184
342849351.184	342849374.184
343354548.184	343354568.184
343443793.184	343443817.184
343714119.184	343714143.184
343966564.184	343966588.184
344313729.184	344313753.184
344393985.184	344394009.184
344407367.184	344407391.184
344662168.184	344662188.184
344829422.184	344829446.184
345010363.184	345010387.184
345092189.18399996	345092209.18399996
345255618.18399996	345255642.184
345442113.184	345442137.18399996
345699728.18399996	345699748.18399996
346040013.184	346040034.184
346218102.184	346218122.184
346297428.184	346297451.184
346387283.184	346387307.184
346483947.184	346483967.184
346639891.184	346639911.184
346904351.184	346904717.184
347330113.184	347330134.184
347516561.184	347516585.184
347850954.18399996	347850978.184
348116140.184	348116164.184
348200871.184	348200891.184
348371087.184	348371107.184
348540338.184	348540362.184
348638401.18399996	348638767.184
348725434.184	348725458.184
348809100.184	348809120.184
349075941.184	349075965.184
349146346.184	349146367.184
350615830.184	350615853.18399996
351835040.184	351835063.184
352172950.184	352172974.184
352272870.184	352272894.184
352425960.184	352425980.184
352525174.184	352525194.184
353295067.18399996	353295087.18399996
353563627.184	353563651.184
353653549.184	353653569.184
354595438.18399996	354595459.184
354846598.184	354846622.18399996
355033263.184	355033283.184
355285094.18399996	355285117.184
355381792.184	355381812.18399996
355722986.184	355723010.18399996
356664763.184	356664783.184
356756977.184	356756997.184
357102899.184	357102922.184
357800139.18399996	357800163.184
358482464.184	358482488.18399996
358653875.184	358654244.184
359528786.184	359528810.18399996
360120002.18399996	360120026.184
362451999.18399996	362452023.184
362629008.18399996	362629032.184
363244808.18399996	363244831.184
368600042.184	368600066.18399996
368763321.184	368763345.184
369971152.184	369971176.184
370669140.18399996	370669164.184
371613547.184	371613570.184
371960069.184	371960093.18399996
372902803.184	372902823.18399996
373007998.184	373008022.184
373339773.184	373339797.18399996
373440835.184	373440859.184
374474948.18399996	374474971.184
374907936.18399996	374907959.184
375513691.18399996	375513711.184
376015643.184	376015666.184
376201574.184	376201594.18399996
377751579.184	377751600.184
377835346.184	377835366.18399996
377933817.184	377933841.18399996
378352071.184	378352095.184
378538386.184	378538409.18399996
378790845.184	378790869.184
378958598.184	378958622.184
379042079.18399996	379042102.184
379210080.184	379210101.184
379228235.184	379228255.18399996
379396671.184	379396691.18399996
379480273.18399996	379480296.184
379816507.184	379816527.184
380171610.184	380171630.18399996
380423128.18399996	380423148.184
381991171.184	381991195.184
382074917.184	382074941.184
382410875.18399996	382410898.184
382426608.18399996	382426632.184
383539683.18399996	383540053.184
384826964.184	384826988.18399996
384920707.184	384920728.18399996
385002087.18399996	385002107.184
385171301.184	385171322.184
386123587.184	386123611.18399996
387598588.184	387598609.18399996
388030246.184	388030270.184
388205898.184	388205921.184
388457546.184	388457569.18399996
388732971.18399996	388732994.184
388895473.184	388895496.184
392093197.18399996	392093221.184
393472631.184	393472651.184
393725060.184	393725084.184
394164644.184	394164667.184
394592774.184	394592798.18399996
395367600.184	395367623.18399996
396154843.184	396154867.18399996
396321543.184	396321566.184
396844297.184	396844321.18399996
397008249.184	397008269.18399996
397189594.184	397189614.184
397365400.184	397365766.184
397632325.18399996	397632345.184
400650850.18399996	400650873.184
400897271.184	400897295.184
401070226.18399996	401070596.184
401243638.184	401243662.18399996
402024865.18399996	402024885.184
402111732.184	402111752.18399996
402198453.184	402198477.184
404274540.184	404274560.18399996
406091393.18399996	406091413.184
406684997.184	406685017.184
407550026.18399996	407550050.184
408076003.18399996	408076026.184
408340346.184	408340370.18399996
408585718.184	408585738.184
409726598.184	409726622.18399996
410670822.18399996	410670846.184
413256583.184	413256607.184
413783930.18399996	413783951.184
414303225.184	414303249.184
415336271.18399996	415336291.184
415591146.184	415591170.184
415757835.184	415757855.184
416376608.184	416376632.184
416986636.18399996	416986660.184
417144091.184	417144461.184
417331255.18399996	417331276.184
417576531.184	417576555.18399996
419225861.18399996	419225881.184
419310804.184	419310828.18399996
419571825.184	419571845.184
419740876.18399996	419740900.184
419823075.18399996	419823095.184
419921842.184	419922211.18399996
420257468.184	420257488.18399996
420352050.184	420352070.18399996
420615614.184	420615635.18399996
420778747.18399996	420778770.184
421808594.184	421808617.184
421989056.184	421989080.184
423548880.184	423548904.184
425005333.184	425005356.184
426055316.184	426055336.184
426212177.184	426212201.184
426228546.18399996	426228566.184
426307611.184	426307631.184
427782425.184	427782445.184
427945500.18399996	427945523.184
428129763.184	428129787.184
428549656.184	428549677.184
429070708.184	429070729.18399996
429243495.18399996	429243519.184
430706221.18399996	430706245.184
430887702.184	430887722.184
430974976.184	430975000.184
431060917.184	431060941.184
432957456.18399996	432957477.184
433054295.184	433054319.184
433399980.18399996	433400000.184
433647250.184	433647273.18399996
434256042.18399996	434256066.184
434509355.184	434509376.184
435290372.184	435290396.184
435465581.184	435465605.18399996
436759094.18399996	436759118.184
438914904.184	438914927.18399996
439520481.18399996	439520505.184
439796301.184	439796322.18399996
439880138.18399996	439880162.184
440130362.18399996	440130386.184
440640553.18399996	440640577.184
441002946.18399996	441002966.184
441516508.184	441516528.184
443149244.18399996	443149264.184
443425057.184	443425078.18399996
443934010.184	443934034.18399996
444276040.184	444276064.18399996
444873927.184	444873951.18399996
445138087.184	445138111.18399996
445221895.18399996	445221918.184
445314309.184	445314333.18399996
446016092.18399996	446016116.184
446784387.184	446784411.184
446875617.184	446875641.18399996
447381903.184	447381923.184
448164099.18399996	448164120.184
448337002.184	448337022.18399996
448349168.18399996	448349188.184
448597528.18399996	448597551.184
448680726.184	448680746.18399996
448771311.184	448771335.184
448863082.18399996	448863103.184
449297778.18399996	449297798.184
449635274.184	449635295.184
449722021.184	449722045.184
450243531.18399996	450243551.184
450576225.18399996	450576248.184
452060904.184	452060928.184
452145128.18399996	452145152.184
452403024.18399996	452403048.184
452666499.184	452666523.184
452916143.18399996	452916167.184
453521884.184	453521904.184
453781766.18399996	453781786.184
455088003.184	455088023.184
456550819.18399996	456550843.184
456721849.184	456721873.18399996
457670552.184	457670572.184
457761152.184	457761172.18399996
458198450.18399996	458198473.184
458285144.184	458285167.18399996
458442959.18399996	458442980.184
458793168.18399996	458793192.184
458888641.184	458888665.184
458976350.184	458976371.18399996
459140298.184	459140322.184
459480892.184	459480912.18399996
460004495.184	460004519.184
460181262.184	460181286.18399996
460427717.184	460427740.18399996
460617522.184	460617546.184
461815424.184	461815448.184
461985189.184	461985213.184
462073517.184	462073541.18399996
462680780.184	462680804.18399996
462941231.184	462941255.184
463114567.184	463114591.18399996
463370318.184	463370338.18399996
463802495.18399996	463802518.184
464679234.184	464679254.184
465882875.184	465882899.184
466396931.184	466396954.18399996
466396948.184	466396954.18399996
466733221.184	466733241.184
466912937.18399996	466912961.184
467006003.18399996	467006023.184
467093296.184	467093319.18399996
467264676.184	467264696.18399996
467513216.18399996	467513236.184
467876156.184	467876176.184
472276629.184	472276649.18399996
472526466.184	472526490.184
472705778.184	472705798.184
472956643.184	472956667.184
475559623.184	475559647.18399996
477108850.18399996	477108871.184
477189333.18399996	477189354.184
478495787.184	478495807.184
480228594.184	480228618.18399996
480571022.184	480571045.18399996
480741404.184	480741773.184
483239902.184	483239925.184
483511074.18399996	483511094.184
483930089.18399996	483930113.184
485836964.18399996	485836988.184
486015629.184	486015653.184
486278625.184	486278648.18399996
486795977.18399996	486796001.184
487126794.184	487126814.184
487734127.184	487734151.18399996
488951518.184	488951538.184
489036614.18399996	489036634.184
489295458.18399996	489295478.184
490855759.184	490855783.18399996
491543831.184	491543855.184
492052404.18399996	492052425.184
492152000.184	492152024.18399996
492919069.184	492919093.184
493269178.184	493269201.184
495864453.184	495864477.18399996
495948622.18399996	495948642.184
496283460.18399996	496283484.184
496296558.18399996	496296582.184
496718145.184	496718168.184
497665807.184	497665831.184
497849145.18399996	497849165.184
498284437.18399996	498284457.184
498535852.18399996	498535873.184
499140715.184	499140738.18399996
499669620.18399996	499669640.184
504152754.184	504152778.184
507781639.184	507781663.184
508040785.184	508040805.18399996
508567162.184	508567186.18399996
509513102.18399996	509513122.184
509676609.18399996	509676632.184
510199367.184	510199388.184
510637088.184	510637108.184
511162602.18399996	511162626.184
511407983.18399996	511408003.184
511579077.18399996	511579100.184
511750966.18399996	511750986.184
511845230.18399996	511845254.184
512454369.184	512454393.18399996
512611442.184	512611465.18399996
514430057.184	514430077.18399996
514523750.18399996	514523774.184
519184097.184	519184117.184
519361167.184	519361190.18399996
520046077.18399996	520046101.184
520141070.184	520141090.18399996
520229357.18399996	520229381.184
520492192.184	520492212.18399996
520646972.184	520647341.18399996
520823210.184	520823234.184
521002517.18399996	521002541.184
521514210.18399996	521514234.184
521694913.184	521694934.184
522394555.184	522394575.184
523939415.184	523939435.18399996
527317008.184	527317031.184
527473874.184	527473894.18399996
527565565.184	527565589.184
528347765.184	528347785.18399996
532406799.18399996	532406822.184
533781999.184	533782019.184
535088704.184	535088728.18399996
535340122.184	535340145.18399996
535613542.184	535613565.18399996
536461987.184	536461987.184
537422241.184	537422265.184
537597741.184	537597761.184
538723501.184	538723525.184
539672992.184	539673012.184
540179791.184	540179814.184
540869434.184	540869449.184
540953069.184	540953089.184
541055178.184	541055202.184
541308510.184	541308530.184
541559661.184	541559684.184
542074656.184	542074680.184
543116916.184	543116940.184
543464284.184	543464304.184
544499313.184	544499333.184
544581878.184	544581898.184
544930314.184	544930338.184
545026310.184	545026330.184
545185356.184	545185376.184
545282074.184	545282098.184
545449359.184	545449379.184
545620000.184	545620020.184
547523315.184	547523338.184
547793649.184	547793669.184
548653032.184	548653055.184
550384873.184	550384893.184
550465150.184	550465173.184
550548732.184	550548756.184
551329953.184	551329976.184
552096363.184	552096383.184
552187161.184	552187181.184
552270867.184	552270891.184
552366829.184	552366849.184
552970794.184	552970818.184
553052682.184	553052702.184
553224608.184	553224628.184
553307909.184	553308278.184
553834825.184	553834845.184
554003947.184	554003970.184
554345978.184	554346001.184
555653226.184	555653246.184
556090759.184	556090782.184
556862775.184	556862795.184
558850304.184	558850327.184
561859670.184	561859694.184
562046862.184	562046886.184
566624444.184	566624464.184
566789505.184	566789528.184
567318910.184	567318930.184
567566264.184	567566285.184
567655395.184	567655415.184
567734711.184	567734731.184
567828743.184	567828767.184
567919713.184	567919736.184
568081450.184	568081450.184
568168620.184	568168641.184
568271263.184	568271279.184
568357671.184	568357691.184
568610610.184	568610564.184
568777613.184	568777637.184
569464215.184	569464239.184
569480623.184	569480646.184
569724736.184	569724756.184
569828168.184	569828191.184
570857966.184	570857987.184
571539078.184	571539102.184
571975856.184	571975880.184
572152387.184	572152407.184
572411327.184	572411343.184
572848095.184	572847620.184
573177673.184	573177696.184
573358472.184	573358496.184
574487847.184	574487867.184
574649988.184	574650011.184
574666396.184	574666419.184
574751930.184	574751954.184
574839652.184	574905686.184
575164870.184	575164890.184
575339612.184	575339632.184
575689605.184	575689629.184
575942669.184	575942692.184
576734267.184	576734291.184
576818711.184	576818731.184
576984826.184	576984850.184
577073558.184	577073578.184
577595555.184	577595579.184
578289544.184	578289568.184
578371536.184	578371557.184
578451726.184	578451750.184
578552970.184	578552994.184
578802611.184	578802631.184
578884837.184	578884858.184
578974385.184	578974409.184
578983301.184	578983324.184
580362012.184	580362036.184
580453818.184	580453838.184
580627512.184	580627536.184
580709254.184	580709278.184
581562365.184	581562385.184
581992649.184	581992672.184
582171512.184	582171532.184
583113823.184	583113844.184
583202673.184	583202696.184
583375598.184	583375618.184
583388041.184	583388061.184
583817129.184	583817149.184
585375892.184	585375916.184
585889091.184	585889114.184
585969490.184	585969510.184
587187457.184	587187481.184
587280915.184	587280939.184
588217415.184	588217438.184
588470558.184	588470582.184
589523885.184	589523908.184
589607614.184	589607634.184
589694920.184	589694940.184
589864369.184	589864389.184
590635938.184	590635958.184
590804180.184	590804203.184
590985676.184	590985696.184
591076417.184	591076441.184
591166178.184	591166202.184
591511990.184	591512011.184
592972171.184	592972195.184
593238975.184	593238999.184
593396212.184	593396236.184
593489955.184	593490321.184
593656494.184	593656518.184
593845734.184	593845757.184
593925401.184	593925767.184
594088284.184	594088304.184
594275808.184	594275831.184
594439112.184	594439136.184
595054563.184	595054583.184
597303609.184	597303633.184
597470108.184	597470128.184
599188849.184	599188873.184
601358311.184	601358334.184
602736323.184	602736347.184
604026880.184	604026904.184
604128862.184	604128882.184
606960574.184	606960943.184
607060789.184	607061158.184
607138123.184	607138143.184
607481141.184	607481165.184
609913381.184	609913404.184
611719033.184	611719053.184
611893569.184	611893590.184
611981743.184	611981767.184
612157145.184	612157168.184
613102435.184	613102456.184
613625450.184	613625470.184
613963136.184	613963156.184
614055439.184	614055463.184
614237576.184	614237597.184
614480494.184	614480517.184
614566098.184	614566122.184
614668897.184	614668920.184
614841551.184	614841574.184
615100245.184	615100265.184
615433663.184	615433683.184
615534046.184	615600080.184
615690370.184	615690394.184
615868248.184	615868268.184
616734846.184	616734867.184
616902117.184	616902117.184
617160040.184	617160064.184
617946840.184	617946860.184
618116065.184	618116085.184
618283804.184	618283828.184
618633808.184	618633828.184
620267677.184	620267700.184
621408139.184	621408163.184
621916274.184	621916297.184
622348151.184	622348172.184
622525222.184	622525245.184
623041213.184	623041237.184
623813547.184	623813567.184
624588376.184	624588399.184
624936048.184	624936068.184
625118775.184	625118795.184
625190507.184	625190531.184
625201031.184	625201055.184
625297193.184	625297217.184
625450648.184	625450672.184
625469000.184	625469023.184
625642817.184	625642838.184
625889860.184	625889880.184
626067500.184	626067520.184
626151603.184	626151627.184
626313898.184	626313921.184
626327631.184	626327651.184
626579094.184	626579118.184
626664800.184	626664820.184
627278779.184	627278803.184
627443112.184	627443135.184
627698906.184	627698930.184
628562197.184	628562221.184
628734746.184	628734770.184
628821327.184	628821347.184
629523043.184	629523067.184
629605969.184	629605989.184
629871962.184	629871985.184
630046584.184	630046607.184
630211519.184	630211539.184
631075652.184	631075675.184
631340060.184	631340426.184
634968513.184	634968533.184
637306802.184	637306826.184
637461405.184	637461429.184
637738669.184	637738689.184
637823249.184	637823272.184
638151505.184	638151526.184
638323274.184	638323297.184
638414105.184	638414128.184
638510221.184	638510241.184
638682858.184	638682878.184
638764967.184	638764991.184
639017097.184	639017117.184
641261794.184	641261814.184
642302993.184	642303013.184
643685747.184	643685767.184
644045701.184	644045724.184
644210119.184	644210143.184
644290210.184	644290230.184
645066076.184	645066100.184
645079388.184	645079758.184
645156252.184	645156275.184
645249485.184	645249509.184
645421094.184	645421118.184
645670209.184	645670232.184
646027791.184	646027811.184
646187678.184	646187701.184
646797744.184	646797764.184
646896261.184	646896285.184
646976689.184	646976713.184
647064748.184	647064771.184
647150309.184	647150329.184
647226331.184	647226351.184
647397058.184	647397078.184
647578567.184	647578587.184
647660582.184	647660605.184
647844801.184	647844821.184
649308642.184	649308662.184
649388934.184	649388958.184
649474381.184	649474401.184
649571981.184	649572005.184
649651444.184	649651467.184
649903523.184	649903543.184
649916024.184	649916044.184
650093709.184	650093732.184
650518227.184	650518250.184
651285000.184	651285023.184
651471959.184	651471979.184
653366651.184	653366671.184
656740470.184	656740494.184
656833037.184	656833057.184
656991246.184	656991269.184
656998180.184	656998200.184
657259644.184	657259664.184
657512226.184	657512246.184
658296402.184	658296422.184
658374303.184	658374326.184
658636231.184	658636255.184
658726871.184	658726892.184
658802792.184	658802812.184
658886954.184	658886975.184
658974882.184	658974902.184
660115527.184	660115547.184
660360574.184	660360594.184
661325837.184	661325860.184
661492648.184	661492668.184
661580760.184	661580780.184
661740390.184	661740410.184
661755143.184	661755166.184
661831132.184	661831156.184
662351189.184	662351209.184
664764360.184	664764383.184
665293457.184	665293480.184
666324793.184	666324813.184
666758714.184	666758738.184
667114367.184	667114387.184
667537910.184	667537930.184
669445562.184	669445582.184
669874105.184	669874125.184
672024793.184	672024816.184
672971799.184	672971823.184
673231646.184	673231670.184
673414182.184	673414205.184
673490913.184	673490937.184
673584874.184	673584898.184
673665622.184	673665642.184
673839159.184	673839182.184
673935763.184	673935787.184
674093857.184	674093881.184
674183134.184	674183157.184
674280756.184	674280780.184
674529433.184	674529457.184
675060552.184	675060575.184
675564566.184	675564589.184
