81997527.184	81998047.184
86231751.184	86231886.184
86590380.184	86590485.184
88579471.184	88579584.184
90906839.18399999	90906966.184
92368155.18400002	92368597.184
95482073.184	95482555.18399999
96007938.184	96008049.184
98505146.18400002	98505603.18400002
101279044.184	101279141.184
102914050.184	102914113.184
105077490.184	105077516.184
108790226.184	108790627.18400002
108961966.184	108962019.184
110946559.184	110946619.184
111034510.184	111034562.184
112337502.184	112337528.184
112581298.18400002	112581323.184
113460071.184	113460097.18399999
114065417.184	114065443.18399999
118464256.184	118464282.184
118893577.184	118893603.184
123137848.184	123138219.18400002
123297542.184	123297568.18399999
123397686.18399999	123397712.184
123555888.184	123555913.18399999
125644027.18400002	125644052.184
126147904.18399999	126147930.184
126159210.18399999	126159236.184
127713088.184	127713114.184
128237021.184	128237047.184
131674044.184	131674070.18400002
134008434.184	134008460.184
134452645.184	134452671.18400002
137808237.184	137808263.18400002
139538814.18400002	139538840.184
140152192.18400002	140152218.184
141703038.184	141703064.18400002
141710104.184	141710130.18400002
141969106.184	141969132.18400002
143703494.18400002	143703520.184
145777160.184	145777186.18400002
150163277.18400002	150163303.18400002
150257763.18400002	150257789.184
151977755.18400002	151977780.184
155007067.18400002	155007092.184
155367330.184	155367356.18400002
155883398.184	155883423.18400002
157003020.18400002	157003046.184
157178532.18400002	157178558.18400002
159756500.184	159756526.18400002
164427369.184	164427395.18400002
165285486.184	165285858.18400002
168916880.18400002	168917252.184
169102406.18400002	169102432.184
169277631.184	169277657.18400002
169363238.184	169363264.18400002
169535044.184	169535069.18400002
169690761.184	169690787.18400002
169781387.18400002	169781413.184
170917469.18400002	170917495.184
171599461.18400002	171599487.18400002
172289054.184	172289079.18400002
172806182.18400002	172806207.184
173417202.18400002	173417228.184
173940669.184	173940694.18400002
174892182.184	174892207.18400002
175306045.184	175306071.18400002
180576100.184	180576126.184
180855595.184	180855621.18400002
181098104.18400002	181098130.18400002
182318177.184	182318202.184
186644117.184	186644139.184
187927187.184	187927212.184
188276112.18400002	188276137.18400002
188278721.18400002	188278746.184
188354831.18400002	188354857.18400002
190178571.184	190178597.184
194231076.184	194231101.18400002
194314726.18400002	194314748.18400002
195179469.184	195179491.184
195362692.184	195362718.18400002
197009475.184	197009501.18400002
198807823.18400002	198808194.184
200024137.18400002	200024162.184
200201860.18400002	200201886.184
200374902.184	200374928.184
202444026.18400002	202444052.18400002
204165498.18400002	204165869.18400002
204339083.184	204339113.18400002
204524463.184	204524489.184
204959220.18400002	204959246.184
205980768.18400002	205981139.184
206596331.18400002	206596357.184
209870176.18400002	209870202.18400002
210051488.184	210051514.18400002
210403542.184	210403568.18400002
210729763.184	210729789.18400002
213498318.184	213498344.18400002
217488358.184	217488385.18400002
219380112.18400002	219380137.18400002
222830887.184	222830913.18400002
223530058.18400002	223530084.184
223695921.184	223695947.18400002
225262559.18400002	225262585.18400002
228620997.184	228621023.18400002
229914882.18400002	229914908.184
230169874.18400002	230169900.184
230358465.184	230358491.18400002
230966517.184	230966543.184
231470217.18400002	231470243.18400002
232346374.184	232346400.184
232849801.18400002	232849827.184
232862009.18400002	232862031.18400002
233382206.184	233382232.18400002
233811814.18400002	233811840.184
233981758.18400002	233981783.184
238993032.18400002	238993058.18400002
239504539.184	239504564.18400002
239852954.184	239852980.18400002
241248183.184	241248193.18400002
241505579.18400002	241505605.18400002
243478825.18400002	243478851.18400002
244602313.184	244602339.184
245135503.184	245135874.18400002
245212786.18400002	245212812.184
247036992.18400002	247037017.184
247115731.18400002	247115757.184
247289324.18400002	247289349.184
247367991.184	247368017.18400002
250906070.18400002	250906096.184
251006237.184	251006263.18400002
251181644.18400002	251181670.18400002
251426729.18400002	251426755.18400002
253850535.18400002	253850561.18400002
254545768.18400002	254545793.18400002
255238063.18400002	255238089.184
255835937.18400002	255835963.184
256190074.184	256190099.184
258509923.18400002	258509949.18400002
258614707.18400002	258614732.18400002
259556173.18400002	259556199.18400002
260341024.18400002	260341050.184
260496998.184	260497024.18400002
260589528.184	260589554.184
260683848.184	260683873.184
261893252.184	261893278.184
262157718.184	262157740.18400002
262838802.18400002	262838827.184
263088437.184	263088462.184
264913294.18400002	264913319.184
265776392.184	265776418.18400002
268543789.184	268543819.184
268709728.184	268709754.184
270104844.184	270104870.18399996
270536750.18399996	270536776.184
271305945.184	271305970.184
272598427.184	272598453.184
273724177.184	273724203.184
273976412.18399996	273976437.184
274075952.184	274075977.184
277878901.184	277878927.184
282968994.184	282969019.18399996
283319569.184	283319594.184
284535138.184	284535163.184
285731320.18399996	285731345.184
287641308.184	287641333.184
288144324.18399996	288144350.184
289531757.184	289531782.184
289787681.184	289787707.184
290231576.184	290231601.184
290660080.184	290660105.184
292986027.184	292986053.184
293597720.184	293597746.184
297308541.18399996	297308566.184
300762936.184	300762961.184
303454527.184	303454553.184
303699064.18399996	303699090.184
304317344.18399996	304317369.184
305258387.184	305258413.18399996
305351896.184	305351921.18399996
305515744.184	305515771.184
305695624.184	305695650.184
305857320.184	305857346.184
305961848.184	305961874.184
306134354.184	306134379.184
306293675.184	306293700.184
306902827.184	306902849.184
307161786.184	307161812.184
308455272.18399996	308455297.184
310962385.184	310962410.184
315110525.184	315110551.184
316922665.184	316922690.184
317360589.18399996	317360615.184
321844760.184	321844786.184
325139985.184	325140010.184
326082809.184	326083180.184
326949061.18399996	326949087.184
327284219.18399996	327284245.184
328153722.184	328153748.184
330836033.184	330836055.184
331100774.184	331100799.184
331353709.184	331353734.18399996
334032868.184	334032893.184
337998171.184	337998196.18399996
338185420.184	338185445.184
338439556.184	338439582.184
338689362.184	338689388.184
338876869.18399996	338876894.184
339046878.184	339046903.184
339740849.18399996	339740870.184
339999056.18399996	339999082.184
345958158.184	345958180.184
346383092.184	346383117.184
346569891.184	346569916.184
346823880.184	346823905.184
347953071.184	347953096.18399996
348456493.184	348456514.184
348544011.184	348544036.184
348799890.184	348799912.184
350959529.184	350959554.184
353127686.18399996	353127711.184
353726868.18399996	353726889.18399996
356749314.184	356749339.184
359862202.184	359862227.18399996
367645141.18399996	367645166.184
369023609.18399996	369023980.184
370231439.184	370231464.184
370580140.184	370580165.184
370848101.184	370848126.18399996
371540304.184	371540329.184
372474373.184	372474398.18399996
372733580.184	372733601.18399996
374029521.18399996	374029547.184
374719713.184	374719738.184
374906109.18399996	374906134.184
374993375.184	374993400.184
375243112.184	375243137.18399996
376794262.184	376794287.18399996
376982390.184	376982415.18399996
377241077.184	377241102.184
377672735.18399996	377672760.184
377756680.18399996	377756705.184
377921652.18399996	377921677.184
378011516.184	378011541.18399996
378173827.18399996	378173851.184
380606298.184	380606324.18399996
381302415.18399996	381302440.184
381458816.18399996	381458841.184
381636082.184	381636108.184
381807031.18399996	381807053.184
382502580.184	382502605.18399996
384831336.184	384831361.184
385009302.184	385009327.184
385450565.18399996	385450590.184
386227394.184	386227415.184
386311998.184	386312023.18399996
386469228.184	386469253.18399996
388204201.18399996	388204226.184
388817648.184	388817670.184
393295039.184	393295064.184
395112832.18399996	395112857.184
397196765.184	397196790.18399996
397373153.184	397373178.184
397884182.18399996	397884207.184
398055643.184	398055667.18399996
398583496.184	398583521.18399996
402714095.184	402714117.184
405495433.184	405495458.184
405658464.184	405658489.184
406258528.184	406258553.18399996
406433581.184	406433606.184
406525532.18399996	406525902.184
406701395.18399996	406701420.184
407388452.184	407388477.184
409203472.184	409203497.18399996
409970667.184	409970688.18399996
414217383.184	414217408.184
415428021.184	415428045.184
415673447.18399996	415673469.184
415930982.18399996	415931007.184
416543454.184	416543479.18399996
416622760.184	416622785.184
419049829.184	419049855.184
420183235.184	420183259.184
420861691.184	420861717.184
421046552.184	421046576.184
423888981.184	423889002.184
424054742.184	424054767.18399996
424743780.18399996	424743805.184
425268901.184	425268922.184
425450403.184	425450428.18399996
425619515.184	425619540.18399996
426130563.184	426130933.184
436683234.184	436683259.18399996
437097736.184	437097761.184
441254840.18399996	441254865.184
442465234.18399996	442465258.184
445495815.184	445495836.184
448420447.184	448420468.184
450161530.184	450161555.184
450763167.18399996	450763192.184
451804202.184	451804227.184
451958684.184	451958708.18399996
451965007.184	451965028.18399996
455241744.184	455241765.184
455418330.184	455418355.184
456983131.18399996	456983500.184
457674790.184	457674816.184
460354294.184	460354319.18399996
470458868.18399996	470458893.184
470896712.18399996	470896737.184
476598952.18399996	476598973.184
478848800.18399996	478848821.184
479267412.184	479267782.18399996
479617348.18399996	479617718.184
479623842.184	479623863.18399996
479871806.184	479871830.18399996
481334626.18399996	481334651.184
483151849.18399996	483151873.184
487394704.18399996	487394728.184
487653119.184	487653143.18399996
487831879.184	487831904.18399996
488955345.18399996	488955366.184
489717016.18399996	489717040.184
490080276.184	490080301.184
491283757.184	491283781.184
491530698.18399996	491530722.184
493785808.184	493785832.184
493785826.184	493785832.184
494314771.184	494314791.184
494476056.184	494476080.184
495165435.184	495165459.18399996
496976825.184	496977192.184
498541390.184	498541410.18399996
498797698.184	498797722.184
498893980.184	498894001.18399996
500357504.184	500357529.184
502685652.184	502685673.18399996
504076919.184	504076943.184
504329196.184	504329216.18399996
504504676.18399996	504504696.184
504755333.184	504755356.184
505009276.184	505009276.184
507788480.18399996	507788500.184
509424978.184	509425002.184
510293475.18399996	510293496.184
510458222.18399996	510458243.184
512285099.184	512285119.184
512538747.184	512538771.18399996
512706587.184	512706611.18399996
512973512.18399996	512973536.184
513145592.18399996	513145612.184
514775691.184	514775711.184
514786147.184	514786167.18399996
515738130.184	515738154.18399996
519882911.184	519882934.184
520059209.184	520059232.184
521424520.184	521424544.18399996
521612929.184	521613295.184
528340789.184	528340813.184
534404106.184	534404130.184
541814754.184	541814778.184
542256854.184	542256878.184
542681470.184	542681495.184
547877651.184	547878021.184
548213444.184	548213468.184
552100546.184	552100570.184
561360925.184	561360949.184
563687960.184	563687985.184
564625312.184	564625333.184
564643295.184	564643319.184
566705725.184	566705749.184
566876717.184	566876741.184
567398529.184	567398554.184
568355805.184	568355825.184
568531374.184	568531101.184
575529114.184	575529484.184
575778407.184	575778431.184
576563796.184	576563817.184
581734086.184	581734111.184
583565084.184	583565104.184
584427969.184	584427989.184
585893348.184	585893372.184
589853326.184	589853347.184
592890805.184	592890826.184
595656747.184	595656771.184
595742119.184	595742144.184
595910462.184	595910486.184
596351283.184	596351307.184
598755170.184	598755537.184
598942659.184	598943030.184
599288736.184	599288760.184
599875383.184	599875408.184
602308613.184	602308634.184
602484146.184	602484170.184
602827602.184	602827626.184
602901454.184	602901482.184
602997869.184	602997890.184
603083564.184	603083589.184
603515451.184	603515475.184
604560129.184	604560153.184
604992994.184	604993019.184
605074191.184	605074211.184
605769946.184	605769971.184
606013194.184	606013216.184
607651377.184	607651401.184
611213733.184	611213757.184
611460718.184	611460742.184
611644317.184	611644687.184
612589946.184	612589966.184
612838968.184	612838988.184
614484829.184	614484854.184
614995322.184	614995347.184
615180563.184	615180584.184
618125619.184	618125640.184
618542475.184	618542499.184
620451578.184	620451603.184
627102030.184	627102054.184
627180360.184	627180384.184
628832627.184	628832648.184
629010387.184	629010412.184
629339725.184	629339746.184
629351901.184	629351925.184
629701033.184	629701053.184
630638028.184	630638053.184
630903293.184	630903318.184
630981347.184	630981371.184
632715964.184	632715988.184
632895753.184	632895777.184
632973392.184	632973416.184
633846314.184	633846335.184
633920682.184	633920707.184
633934403.184	633934427.184
634179586.184	634179606.184
634279103.184	634279127.184
634529916.184	634529940.184
634609093.184	634609117.184
634621413.184	634621438.184
634787972.184	634787992.184
635567570.184	635567594.184
635909352.184	635909376.184
635923362.184	635923383.184
636003878.184	636003899.184
636096346.184	636096370.184
636180121.184	636180145.184
636348636.184	636348661.184
638497978.184	638497999.184
642904477.184	642904501.184
645335848.184	645335869.184
645502265.184	645502289.184
645587401.184	645587422.184
646198216.184	646198240.184
647829195.184	647829217.184
648703439.184	648703463.184
649134669.184	649134693.184
650073748.184	650073772.184
650949896.184	650949920.184
651027776.184	651027796.184
653099738.184	653099763.184
653285653.184	653286023.184
657168945.184	657168968.184
657417773.184	657417794.184
659061865.184	659061889.184
659163454.184	659163824.184
659666052.184	659666076.184
660017715.184	660017739.184
665205385.184	665205405.184
665281325.184	665281349.184
665630171.184	665630192.184
665643194.184	665643218.184
665719422.184	665719442.184
665817938.184	665817962.184
665974288.184	665974312.184
666066433.184	666066458.184
669349003.184	669349027.184
669698794.184	669698819.184
669778532.184	669778556.184
675231080.184	675231105.184
676791497.184	676791521.184
