76914313.184	76914347.184
77330889.184	77331014.184
77415598.184	77416253.184
77848559.184	77848668.184
78453392.184	78453416.184
80715842.184	80715862.184
83739094.184	83739117.184
85805695.184	85805718.184
90726371.184	90726391.184
91069509.184	91069529.184
91942817.184	91942840.184
92367930.184	92367954.184
94957270.184	94957294.184
94966728.184	94966748.184
97640749.18400002	97640769.18400002
97810368.184	97810388.184
98342371.18399999	98342394.184
98855047.184	98855067.184
99880271.184	99880291.184
100919041.184	100919061.184
101193898.18399999	101193922.184
101952319.184	101952342.184
102573559.18399999	102573583.184
103606851.184	103606874.18399999
104122021.184	104122045.184
105078319.184	105078339.184
106026951.184	106026975.184
106366590.184	106366614.184
107068184.184	107068207.184
107233869.18400002	107233890.184
108790045.184	108790065.184
110420268.184	110420292.184
112076722.184	112076746.18400002
113022007.184	113022031.184
113195376.184	113195400.184
113365599.18400002	113365619.18400002
113374620.18399999	113374640.18399999
113981937.184	113981960.184
115191285.18400002	115191309.184
116899665.184	116899689.18399999
117431577.184	117431600.18400002
118199601.18400002	118199621.18400002
118719223.184	118719247.184
120789234.184	120789255.184
121912401.184	121912425.184
123555858.184	123555878.184
125472849.184	125472869.184
125973049.18399999	125973072.184
127284864.184	127284884.184
127712709.184	127712730.184
128220285.184	128220309.184
128570348.184	128570369.18399999
128738907.184	128738927.184
129183101.18399999	129183125.184
130559159.18400002	130559182.184
131674011.18400002	131674031.18400002
132806586.184	132806606.184
133231683.18400002	133231707.184
133321562.184	133321583.184
133840094.18399999	133840114.18399999
134798082.18400002	134798106.184
135062725.184	135062749.18400002
136004968.184	136004992.18400002
136265981.184	136266005.184
136513873.18400002	136513896.184
137030974.184	137031339.18400002
137474677.18400002	137474700.184
138166732.184	138166756.18400002
139200211.18400002	139200231.18400002
139293792.18400002	139294161.184
139898957.18400002	139898981.184
140333098.184	140333122.18400002
141444005.184	141444029.184
141629781.184	141629804.18400002
141701387.18400002	141701407.18400002
141888858.18400002	141888879.18400002
142234596.18400002	142234616.18400002
142481751.184	142481772.184
142823717.184	142823741.18400002
142918246.184	142918270.18400002
143529803.18400002	143529827.184
144036756.18400002	144036780.184
144290685.18400002	144290709.184
144651213.18400002	144651233.18400002
144991378.184	144991398.184
145159080.184	145159100.184
145775363.184	145775383.184
146896648.184	146896672.18400002
147668105.184	147668129.18400002
148276376.184	148276400.18400002
149656270.18400002	149656291.18400002
150257733.184	150257754.18400002
150439831.184	150439851.184
151288210.18400002	151288230.18400002
152680105.184	152680125.184
155007033.184	155007057.18400002
156218201.184	156218222.18400002
156907201.18400002	156907225.184
157337470.184	157337491.18400002
158128041.184	158128061.184
163476781.184	163476805.18400002
164347710.184	164347734.18400002
167189689.184	167189709.184
168401771.184	168401795.18400002
168653132.18400002	168653153.18400002
168840355.18400002	168840379.184
170481980.184	170482004.18400002
171250128.18400002	171250151.184
171431671.18400002	171431691.18400002
172203553.18400002	172203923.18400002
172474599.184	172474623.184
172550428.184	172550449.184
172633365.184	172633386.184
172806148.18400002	172806168.18400002
173319686.18400002	173319709.184
173940639.18400002	173940659.184
174628802.184	174629172.184
174874919.184	174874943.184
175141083.18400002	175141107.184
176002216.18400002	176002239.184
176273657.18400002	176273681.184
177139999.184	177140022.18400002
177393192.18400002	177393213.18400002
178162325.184	178162346.184
178342970.18400002	178342990.18400002
178684147.18400002	178684168.18400002
179467950.184	179467970.184
179891399.184	179891423.18400002
180850187.18400002	180850211.184
181098071.18400002	181098094.184
181880847.18400002	181880871.18400002
181967608.18400002	181967977.184
182146215.184	182146238.18400002
182822775.18400002	182822795.18400002
183098496.184	183098516.184
186457581.184	186457601.18400002
187409692.18400002	187409712.18400002
187673859.18400002	187673879.18400002
193628608.18400002	193628629.18400002
194231042.18400002	194231066.18400002
195957288.184	195957312.184
196048750.184	196048770.184
196140179.18400002	196140199.18400002
196487756.184	196487776.184
197009442.18400002	197009466.18400002
197688660.184	197688684.184
197867454.184	197867478.184
198638169.184	198638193.184
201672787.184	201672811.184
202015441.18400002	202015464.18400002
202281067.184	202281087.184
202611823.18400002	202611843.18400002
202783779.184	202783803.184
204959191.184	204959215.18400002
205044908.184	205044928.184
205388644.184	205388668.184
207968736.184	207968756.184
208054227.18400002	208054247.18400002
208237477.18400002	208237501.184
209609162.184	209609186.184
210729735.18400002	210729755.18400002
210999312.18400002	210999336.18400002
212985103.18400002	212985123.18400002
212990121.184	212990141.184
213162312.18400002	213162335.18400002
213252700.18400002	213252721.18400002
214547250.18400002	214547274.18400002
215398142.184	215398162.184
215569157.184	215569181.18400002
215921893.18400002	215921916.18400002
217647915.184	217647938.184
217824868.184	217824888.184
218083428.184	218083448.184
218092795.18400002	218092819.184
218259632.18400002	218259652.18400002
219376586.18400002	219376606.18400002
221105069.184	221105089.184
222921768.184	222921788.184
224388662.184	224388685.184
225607757.184	225607780.18400002
225862738.18400002	225862762.184
226203499.184	226203519.184
227079586.18400002	227079606.18400002
228374341.184	228374361.184
228792733.18400002	228792754.18400002
228971506.18400002	228971530.18400002
232263521.18400002	232263544.18400002
232680467.184	232680487.184
232849424.18400002	232849793.184
234077808.18400002	234077832.184
234749290.18400002	234749313.18400002
234927128.18400002	234927152.18400002
235269471.184	235269495.18400002
236060427.184	236060451.184
236238049.184	236304082.184
237175849.184	237175869.184
237445426.184	237445446.184
237701362.18400002	237701385.18400002
237865502.18400002	237865522.18400002
238217336.18400002	238217360.18400002
239688517.184	239688537.184
239780293.184	239780317.184
239950543.18400002	239950563.18400002
240210651.18400002	240210675.18400002
240382423.18400002	240382447.18400002
240624292.18400002	240624316.184
240723701.184	240723722.184
240903336.184	240903357.184
241837502.18400002	241837526.18400002
242442257.184	242442278.184
242964661.184	242964685.184
244098675.18400002	244098695.18400002
244782938.184	244782958.184
245034916.18400002	245034940.18400002
245212408.18400002	245212777.184
246153995.18400002	246154019.184
246338898.18400002	246338918.18400002
246594771.184	246594791.184
246765665.184	246765689.184
247030948.184	247030972.18400002
247717661.184	247717681.184
247806652.18400002	247806672.18400002
247968565.18400002	247968931.18400002
247983668.184	247983688.184
248154800.184	248154821.184
248926614.18400002	248926638.184
249438974.18400002	249438998.18400002
249712611.18400002	249712631.18400002
249789560.18400002	249789584.18400002
249869893.184	249869913.184
249881845.184	249881869.184
249975149.18400002	249975173.184
250475566.184	250475586.184
250562216.18400002	250562236.18400002
250906038.184	250906062.184
252126713.184	252126733.184
252378421.18400002	252378787.184
252549435.18400002	252549455.18400002
252995950.18400002	252995970.18400002
253599741.18400002	253599765.184
254114683.18400002	254114703.18400002
254204747.184	254204767.184
254629577.184	254629601.184
254727358.184	254727381.18400002
255065099.18400002	255065119.18400002
255830959.184	255830979.184
256190045.18400002	256190065.18400002
257142391.18400002	257142415.18400002
257315046.184	257315069.184
257994225.18400002	257994249.18400002
258866180.184	258866201.18400002
259382726.184	259382750.184
259556141.184	259556165.184
260250093.18400002	260250114.18400002
260773919.18400002	260774284.184
261197816.18400002	261197840.184
261373444.184	261373467.184
261624885.184	261624909.18400002
261716388.184	261716408.184
262314806.184	262314830.184
263794379.18400002	263794402.18400002
263967213.184	263967237.18400002
264318004.18400002	264318025.18400002
264473335.18400002	264473355.18400002
264733998.18400002	264734022.18400002
266217862.184	266217882.184
266640328.184	266640351.184
267156827.184	267156850.18400002
267408335.18400002	267408359.184
267428019.184	267428043.18400002
267929973.184	267929993.184
268277607.18400002	268277631.18400002
268373166.18400002	268373189.184
268543760.184	268543784.184
268709700.184	268709720.184
269152036.184	269152059.184
269753170.184	269753190.184
270089291.184	270089311.184
270527322.18399996	270527342.18399996
271739774.184	271739798.184
271745768.184	271745788.184
271818872.184	271818893.18399996
272249421.184	272249442.184
272427138.184	272427162.184
276068252.184	276068276.18399996
276756848.184	276756868.184
276932429.184	276932450.184
277014104.184	277014124.184
277183667.184	277183691.184
277700036.184	277700060.184
279177517.184	279177537.184
281068203.184	281068226.184
281162980.184	281163000.184
281319840.184	281320206.184
281505322.18399996	281505342.18399996
281579834.184	281579855.184
282097796.184	282097819.184
282625801.184	282625821.184
282892753.184	282892777.184
283226612.18399996	283226636.184
284016387.184	284016757.184
285214725.18399996	285214745.18399996
286868071.184	286868094.184
287285569.184	287285590.184
288144292.184	288144316.184
289271725.184	289271745.184
289285763.184	289285783.184
289969112.184	289969136.184
290064075.184	290064098.184
290221210.184	290221233.184
290400202.184	290400222.184
290658361.18399996	290658385.184
290738856.184	290738876.184
290753354.184	290753374.184
290908875.184	290908895.184
291098163.184	291098187.184
291349022.184	291349042.184
291601996.184	291602020.184
291787574.184	291787598.18399996
293167804.184	293167828.184
295323362.184	295323383.184
295583556.184	295583576.184
295762102.184	295762126.184
296273495.184	296273519.184
298184678.184	298184698.184
299129022.184	299129042.184
299301894.184	299301918.184
299471375.184	299471399.184
300431873.184	300431893.184
300514977.184	300515000.184
300517542.184	300517566.184
300762907.184	300762928.184
300774994.184	300775014.184
301449979.184	301450003.18399996
302061465.184	302061489.184
303024248.184	303024271.184
303453717.184	303453741.18399996
304315927.184	304315950.184
304568309.184	304568329.184
304833284.18399996	304833307.184
305083152.18399996	305083176.184
305961820.184	305961840.184
308455240.184	308455263.184
308799363.184	308799732.184
311486848.184	311486868.184
312858984.184	312859004.184
313381801.18399996	313381825.184
319771683.184	319771704.184
320302310.184	320302330.184
323665295.184	323665319.184
323839510.184	323839533.184
324952638.184	324952662.184
324967922.184	324967946.184
325042562.184	325042931.184
325484538.184	325484558.184
326696248.184	326696618.184
327729491.184	327729515.184
327985032.184	327985052.184
331353677.184	331353701.184
331439507.184	331439530.184
331615803.184	331615823.184
331777227.184	331777250.184
331863537.184	331863558.18399996
332568656.18399996	332568676.18399996
335673764.184	335673787.184
335924625.184	335924995.18399996
336202399.18399996	336202423.184
336978274.184	336978297.184
337140884.184	337140904.184
340506180.18399996	340506200.18399996
341125547.184	341125567.184
342249865.184	342249888.184
342337085.184	342337109.184
342509893.184	342509917.18399996
342757574.184	342757594.184
342840787.184	342840807.184
342940924.18399996	342940945.18399996
343372942.184	343372962.184
343623656.184	343623677.184
343788674.184	343788698.184
344146013.184	344146034.184
344319824.184	344319845.184
344396626.184	344396646.184
344483874.18399996	344483898.184
344752002.184	344752025.184
344915043.184	344915063.184
345086413.184	345086437.184
345101963.184	345101987.184
345263409.184	345263429.184
345514885.184	345514905.184
345945788.184	345945812.184
346212870.184	346212894.184
346291533.184	346291553.184
346383060.184	346383084.184
346472160.184	346472181.184
346569862.18399996	346569882.18399996
346821372.184	346821392.184
347072781.184	347072804.184
347424985.184	347425009.18399996
347591934.184	347591958.184
347860560.184	347860584.184
348119050.184	348119070.184
348206007.184	348206031.184
348452245.184	348452269.184
348543983.184	348544003.184
348721036.184	348721060.184
348799858.184	348799882.184
348975085.184	348975109.184
349144422.184	349144446.184
349161595.184	349161615.184
350617817.18399996	350618187.184
351839092.18399996	351839116.184
352175394.184	352175418.184
352343663.184	352343684.184
352429615.184	352429635.184
352529704.184	352529728.184
353384814.184	353384838.184
353567485.184	353567505.184
353725182.184	353725203.184
354603189.184	354603209.184
354854517.18399996	354854538.184
355110243.184	355110264.18399996
355296069.184	355296092.18399996
355551042.18399996	355551066.184
355799888.184	355799908.184
356673137.184	356673161.184
356764296.18399996	356764320.184
357109845.184	357109869.184
358043662.18399996	358043682.184
358564623.184	358564646.184
358733345.18399996	358733369.184
359596886.184	359596910.18399996
360306280.184	360306301.18399996
362621059.184	362621082.184
362719823.18399996	362719847.184
363316855.184	363316878.18399996
368680197.184	368680221.184
368772167.184	368772188.18399996
369976262.18399996	369976282.184
370845351.18399996	370845371.184
371619854.18399996	371619877.184
371968727.184	371968751.18399996
372908022.184	372908043.184
373092905.18399996	373092928.184
373342444.184	373342468.184
373526327.18399996	373526347.184
374640398.18399996	374640421.184
374981302.184	374981322.184
375595869.184	375595892.184
376105601.184	376105625.18399996
376285462.184	376285486.18399996
377756652.184	377756672.18399996
377921624.184	377921644.184
378004585.184	378004605.184
378357229.18399996	378357252.184
378609413.184	378609437.18399996
378797611.184	378797635.184
378962139.18399996	378962159.184
379049888.184	379049912.184
379212553.184	379212573.18399996
379301453.184	379301477.18399996
379398225.184	379398245.184
379487011.18399996	379487031.184
379920042.184	379920065.184
380176839.184	380176863.18399996
380427416.18399996	380427439.184
382064522.18399996	382064543.184
382165059.18399996	382165429.184
382421465.184	382421486.18399996
382498192.18399996	382498216.184
383618299.18399996	383618669.184
384831308.18399996	384831328.184
384932183.184	384932207.18399996
385008082.18399996	385008103.184
385258792.184	385258816.184
386135749.184	386135769.18399996
387610503.184	387610523.18399996
388110844.184	388110864.184
388300917.184	388300938.184
388474575.184	388474599.18399996
388807897.18399996	388807921.184
388904613.18399996	388904637.184
392183615.184	392183639.184
393568854.184	393568874.184
393731971.184	393731995.184
394176993.184	394177017.184
394598019.184	394598389.184
395465413.18399996	395465437.184
396159860.184	396159880.18399996
396418061.184	396418085.18399996
396855268.184	396855289.18399996
397015463.18399996	397015483.184
397196733.184	397196757.18399996
397373125.18399996	397373145.184
397789446.18399996	397789470.184
400733774.184	400733794.18399996
400905097.184	400905121.18399996
401077960.18399996	401077984.184
401251336.184	401251356.18399996
402032245.184	402032265.184
402120639.18399996	402120659.184
402212054.184	402212078.18399996
404282317.184	404282341.184
406168498.18399996	406168522.184
406701363.184	406701387.18399996
407561922.184	407561942.184
408153998.184	408154022.184
408423349.18399996	408423373.184
408605038.184	408605059.184
409802197.184	409802217.18399996
410676937.18399996	410676960.184
413260080.184	413260100.184
413957176.184	413957200.18399996
414305849.184	414306218.18399996
415419978.184	415420002.18399996
415673071.184	415673095.18399996
415771562.18399996	415771583.184
416449050.184	416449071.184
417066094.18399996	417066115.184
417156021.184	417156045.184
417490165.184	417490188.18399996
417659784.184	417659804.184
419303923.18399996	419303943.184
419476822.184	419476846.184
419663196.184	419663219.18399996
419750706.184	419750726.18399996
419904414.184	419904437.184
420181603.184	420181627.184
420341382.184	420341405.184
420436723.18399996	420436743.184
420687731.184	420687751.18399996
420855546.18399996	420855566.184
421818806.18399996	421818829.184
422067022.184	422067042.184
423629006.184	423629029.184
425100546.184	425100569.184
426130534.184	426130554.18399996
426215984.184	426216004.184
426298957.184	426298981.18399996
426816334.184	426816354.18399996
427866780.184	427866804.18399996
428115566.18399996	428115586.184
428215188.18399996	428215212.184
428805227.184	428805247.184
429155081.184	429155104.18399996
429323448.184	429323471.184
430714555.18399996	430714575.184
430966787.184	430966810.18399996
430978986.184	430979010.184
431140562.18399996	431140586.184
432967188.18399996	432967211.184
433123322.184	433123346.18399996
433570950.18399996	433570974.184
433911678.184	433911702.184
434337360.18399996	434337380.184
434524251.18399996	434524272.184
435300866.18399996	435300886.184
435557234.184	435557258.184
436844802.184	436844826.18399996
439015972.184	439015992.184
439524715.184	439524739.18399996
439873846.184	439873866.18399996
439959333.184	439959357.18399996
440139352.184	440139372.184
440655769.184	440655793.18399996
441088007.184	441088027.184
441524210.184	441524234.184
443156537.184	443156903.18399996
443498372.184	443498395.184
443941827.184	443941850.18399996
444283903.184	444283926.18399996
444888720.18399996	444888743.184
445152799.18399996	445152819.184
445226516.184	445226537.18399996
445324743.184	445324763.184
446016913.184	446016937.184
446863868.184	446863892.18399996
447050570.184	447050594.184
447466815.184	447466835.184
448174285.184	448174305.18399996
448347112.184	448347136.18399996
448420415.184	448420438.18399996
448603193.184	448603558.18399996
448692757.184	448692781.18399996
448776544.184	448776565.18399996
448868313.184	448868337.184
449382521.184	449382891.184
449642388.18399996	449642412.184
449802272.184	449802296.184
450412918.18399996	450412938.184
450668940.18399996	450668964.184
452141958.18399996	452141981.184
452313799.18399996	452313823.184
452408628.184	452408649.184
452751946.184	452751967.184
453259033.18399996	453259056.184
453696872.18399996	453696896.184
453946013.184	453946033.18399996
455158275.184	455158298.184
456626141.18399996	456626161.184
456797341.184	456797361.184
457674762.184	457674786.184
457764962.184	457764982.18399996
458270303.184	458270326.184
458356562.18399996	458356585.184
458787916.184	458787939.184
458800882.184	458800906.18399996
458975201.184	458975221.18399996
459132521.184	459132545.184
459478026.184	459478050.18399996
459835853.184	459835877.18399996
460088726.18399996	460088746.184
460271316.184	460271340.18399996
460605024.18399996	460605390.184
460775935.184	460775959.18399996
461824513.18399996	461824537.184
461994125.184	461994149.184
462082880.18399996	462082900.184
462689515.184	462689539.18399996
462950458.184	462950482.184
463287618.184	463287641.184
463460409.184	463460433.18399996
463809205.18399996	463809229.184
464752228.18399996	464752597.184
466046913.18399996	466046933.184
466487038.184	466487061.184
466906586.18399996	466906610.184
466922257.184	466922277.184
467079671.184	467079694.184
467176257.184	467176281.184
467425399.184	467425419.18399996
467529978.184	467530348.184
468043136.184	468043160.18399996
472436462.18399996	472436486.184
472621900.184	472621921.184
472867340.184	472867364.184
473052492.184	473052512.184
475650556.184	475650577.18399996
477116587.184	477116611.184
477197284.184	477197654.184
478580471.18399996	478580495.184
480311579.184	480311599.184
480651457.18399996	480651477.184
480832572.184	480832595.18399996
483252833.184	483252853.184
483580982.184	483581006.184
484102906.184	484102926.18399996
485843210.184	485843234.18399996
486093623.18399996	486093647.184
486436777.184	486436798.18399996
487043065.18399996	487043088.184
487129552.184	487129576.184
487816679.184	487816699.18399996
488955313.184	488955337.18399996
489040712.18399996	489040736.184
489370922.184	489370945.18399996
491012643.184	491013012.184
491621428.18399996	491621451.184
492062393.184	492062759.18399996
492235028.184	492235048.18399996
493017769.18399996	493017789.184
493443665.184	493443689.18399996
495945089.18399996	495945113.184
496028075.18399996	496028095.184
496294093.184	496294113.184
496379631.18399996	496379655.184
496801271.184	496801295.184
497760966.184	497760987.184
498017577.18399996	498017601.184
498368430.184	498368454.18399996
498541358.184	498541381.184
499225713.184	499225733.184
499754251.184	499754275.184
504160095.184	504160115.18399996
507788448.184	507788471.18399996
508129304.184	508129328.184
508741008.184	508741031.184
509588130.184	509588634.184
509775947.184	509775967.184
510290694.184	510290714.184
510720100.184	510720121.18399996
511239719.184	511239739.184
511489816.18399996	511489840.184
511662837.184	511662857.18399996
511764586.18399996	511764609.184
511923030.184	511923051.18399996
512528803.18399996	512528826.184
512620209.18399996	512620230.184
514435339.184	514435363.18399996
514698089.18399996	514698113.184
519196746.184	519196766.18399996
519451089.18399996	519451109.184
520057463.184	520057487.184
520144864.18399996	520144885.184
520395311.184	520395331.18399996
520573140.18399996	520573161.184
520733265.18399996	520733285.184
520835843.184	520835866.18399996
521357629.184	521357652.184
521526937.184	521526961.184
521769784.184	521769808.184
522471495.184	522471515.18399996
524116762.18399996	524116785.184
527387889.18399996	527387909.184
527486828.184	527486852.184
527577934.184	527577955.184
528441865.184	528441885.18399996
532490400.184	532490423.18399996
533789638.18399996	533789662.184
535177393.18399996	535177414.184
535425584.184	535425604.184
535686998.184	535687018.18399996
536631490.184	536631514.184
537506694.184	537506714.184
538975597.184	538975617.184
539748067.184	539748091.184
540267272.184	540267296.184
540879706.184	540879726.184
540956821.184	540956845.184
541130662.184	541130683.184
541385147.184	541385167.184
541571131.184	541571151.184
542080813.184	542080833.184
543127265.184	543127285.184
543552353.184	543552377.184
544508489.184	544508509.184
544586494.184	544586518.184
545023514.184	545023538.184
545103260.184	545103284.184
545272234.184	545272258.184
545377015.184	545377036.184
545532271.184	545532295.184
545709552.184	545709572.184
547534572.184	547534592.184
547877622.184	547877643.184
548738186.184	548738210.184
550294273.184	550294639.184
550388054.184	550388078.184
550467862.184	550467885.184
550551481.184	550551505.184
551495651.184	551495675.184
552100517.184	552100537.184
552269330.184	552269354.184
552277914.184	552277934.184
552455107.184	552455131.184
553046703.184	553046727.184
553062102.184	553062126.184
553232393.184	553232413.184
553309564.184	553309585.184
553741988.184	553741988.184
553999782.184	553999805.184
554086330.184	554086354.184
554353289.184	554353313.184
555813880.184	555813904.184
556164172.184	556164196.184
556951343.184	556951363.184
558933161.184	558933181.184
561879359.184	561879382.184
562206822.184	562206842.184
566701281.184	566701301.184
566876685.184	566876709.184
567395385.184	567395409.184
567577491.184	567577515.184
567668020.184	567668044.184
567825407.184	567825430.184
567918025.184	567918045.184
567998851.184	567998851.184
568167334.184	568167331.184
568255459.184	568255459.184
568346356.184	568346379.184
568519318.184	568519334.184
568702236.184	568702256.184
568785597.184	568785966.184
569477588.184	569477608.184
569649091.184	569649091.184
569736608.184	569736632.184
569907692.184	569907715.184
570948837.184	570948861.184
571639094.184	571639117.184
572056278.184	572056302.184
572246401.184	572246425.184
572494515.184	572494539.184
573100263.184	573100284.184
573352554.184	573352578.184
573364770.184	573364794.184
574562774.184	574562794.184
574656231.184	574656251.184
574738219.184	574738243.184
574835848.184	574835868.184
574911966.184	574911987.184
575172725.184	575172749.184
575352593.184	575352616.184
575778378.184	575778399.184
576029320.184	576029344.184
576807653.184	576807673.184
576825651.184	576825674.184
576991537.184	576991557.184
577157713.184	577157736.184
577673968.184	577673988.184
578362000.184	578362023.184
578381697.184	578381717.184
578539844.184	578539864.184
578629656.184	578629676.184
578883752.184	578883775.184
578890852.184	578890872.184
578980495.184	578980519.184
579066886.184	579066909.184
580439977.184	580439997.184
580612761.184	580612781.184
580698420.184	580698789.184
580799185.184	580799206.184
581578421.184	581578444.184
582005467.184	582005487.184
582177135.184	582177156.184
583119163.184	583119183.184
583207951.184	583207974.184
583383559.184	583383582.184
583460394.184	583460418.184
583824301.184	583824321.184
585621147.184	585621171.184
585893320.184	585893340.184
585973630.184	585973651.184
587194832.184	587194852.184
587438474.184	587438498.184
588315148.184	588315168.184
588566831.184	588566852.184
589595685.184	589595709.184
589611453.184	589611822.184
589773485.184	589773505.184
589954873.184	589954893.184
590642928.184	590642948.184
590821890.184	590821913.184
591074616.184	591074636.184
591153225.184	591153249.184
591235324.184	591235348.184
591585277.184	591585300.184
593055208.184	593055232.184
593312431.184	593312454.184
593404116.184	593404136.184
593495518.184	593495538.184
593662506.184	593662530.184
593922576.184	593922596.184
593929268.184	593929291.184
594099517.184	594099540.184
594349124.184	594349144.184
594524646.184	594524666.184
595127972.184	595127996.184
597381220.184	597381240.184
597553988.184	597554012.184
599193969.184	599193989.184
601518959.184	601518982.184
602744160.184	602744183.184
604121979.184	604122003.184
604212197.184	604212566.184
606967138.184	606967158.184
607132890.184	607132913.184
607140882.184	607140905.184
607498751.184	607498775.184
609986906.184	609986929.184
611726758.184	611726778.184
611900898.184	611900918.184
612057730.184	612057750.184
612241080.184	612241101.184
613269251.184	613269274.184
613802362.184	613802382.184
614044981.184	614045002.184
614145209.184	614145232.184
614317221.184	614317245.184
614484801.184	614484821.184
614583331.184	614583352.184
614740727.184	614740747.184
614914195.184	614914218.184
615180531.184	615180554.184
615438613.184	615438633.184
615614887.184	615614907.184
615773785.184	615773805.184
616037534.184	616037558.184
616813239.184	616813259.184
617000972.184	617000996.184
617163478.184	617163498.184
618039534.184	618039558.184
618121343.184	618121363.184
618290213.184	618290583.184
618640601.184	618640625.184
620273498.184	620273519.184
621740052.184	621740072.184
621922411.184	621922434.184
622435416.184	622435436.184
622617762.184	622617782.184
622869351.184	622869371.184
623118860.184	623118883.184
623821291.184	623821315.184
624673110.184	624673134.184
624948576.184	624948596.184
625122520.184	625122544.184
625197736.184	625197756.184
625279949.184	625279973.184
625374941.184	625374962.184
625458381.184	625458404.184
625640077.184	625640097.184
625882182.184	625882552.184
625974602.184	625974622.184
626147387.184	626147411.184
626238684.184	626238704.184
626320980.184	626321000.184
626404745.184	626404765.184
626592838.184	626592862.184
626762201.184	626762225.184
627350482.184	627350505.184
627449926.184	627449950.184
627711690.184	627711710.184
628579416.184	628579440.184
628747058.184	628747082.184
628830132.184	628830501.184
629530609.184	629530629.184
629611198.184	629611567.184
629949432.184	629949453.184
630126941.184	630126961.184
630215691.184	630215711.184
631158980.184	631158980.184
631412132.184	631412132.184
635045635.184	635045659.184
637377251.184	637377271.184
637475221.184	637475245.184
637813081.184	637813104.184
637900250.184	637900274.184
638168047.184	638168071.184
638334868.184	638334892.184
638418395.184	638418415.184
638669016.184	638669036.184
638687483.184	638687506.184
638855113.184	638855133.184
639023129.184	639023153.184
641269079.184	641269099.184
642309213.184	642309233.184
643691788.184	643691812.184
644130312.184	644130335.184
644218687.184	644218707.184
644374278.184	644374302.184
645073908.184	645073928.184
645150970.184	645150990.184
645167493.184	645167516.184
645255625.184	645255645.184
645499274.184	645499294.184
645758183.184	645758206.184
646107961.184	646107982.184
646195381.184	646195401.184
646878087.184	646878107.184
646969658.184	646969682.184
647050671.184	647050691.184
647138146.184	647138154.184
647155552.184	647155573.184
647316172.184	647316196.184
647407857.184	647407878.184
647585749.184	647585772.184
647829164.184	647829187.184
647933760.184	647933784.184
649386038.184	649386058.184
649396769.184	649396789.184
649482022.184	649482046.184
649646182.184	649646205.184
649824329.184	649824353.184
649909025.184	649909045.184
649921107.184	649921131.184
650261565.184	650261589.184
650607768.184	650607788.184
651389800.184	651389820.184
651476176.184	651476196.184
653530049.184	653530070.184
656745581.184	656745601.184
656916963.184	656916983.184
656995452.184	656995475.184
657168916.184	657168936.184
657417741.184	657417765.184
657603914.184	657603934.184
658368081.184	658368105.184
658380403.184	658380426.184
658714027.184	658714051.184
658732894.184	658732914.184
658808867.184	658808891.184
658892822.184	658892846.184
658977476.184	658977500.184
660186118.184	660186141.184
660363965.184	660363989.184
661399154.184	661399174.184
661566728.184	661566748.184
661747295.184	661747315.184
661825844.184	661825867.184
661836176.184	661836200.184
662434334.184	662434357.184
664775978.184	664775998.184
665373895.184	665374264.184
666326537.184	666326557.184
666765431.184	666765452.184
667192420.184	667192440.184
667275452.184	667275472.184
667619099.184	667619119.184
669519876.184	669519900.184
669604832.184	669604855.184
669951332.184	669951356.184
672028885.184	672028905.184
672981015.184	672981039.184
673235250.184	673235273.184
673421879.184	673421899.184
673508313.184	673508333.184
673590265.184	673590288.184
673676458.184	673676481.184
673851816.184	673851839.184
674010100.184	674010123.184
674101630.184	674101650.184
674265747.184	674265767.184
674449755.184	674449778.184
674614191.184	674614211.184
675139564.184	675139588.184
675576707.184	675576730.184
