82445019.184	82445116.184
86578532.184	86578948.184
86846324.184	86846392.184
88838714.184	88838785.184
90980249.184	90980322.184
92548679.184	92548747.18399999
95658752.184	95658813.184
96777137.184	96777191.184
98845224.184	98845287.18400002
101625881.184	101625940.184
102999737.184	103000157.184
105078018.18400002	105078042.184
108872093.18399999	108872155.184
109039797.184	109039855.184
110953306.18399999	110953367.18400002
111044335.184	111044394.184
112422465.18400002	112422486.184
112586534.184	112586558.18399999
113544691.18399999	113544715.184
114497474.18400002	114497495.184
118559108.18400002	118559132.184
119503743.184	119503768.184
123226596.184	123226617.184
123388778.184	123388803.18400002
123482437.184	123482461.184
123825435.184	123825459.184
125895261.184	125895285.18399999
126157450.184	126157474.18400002
126489915.184	126489936.184
128140322.184	128140346.18400002
128402655.184	128402676.184
131761959.18400002	131761984.184
134010828.184	134010849.184
134611627.184	134611648.184
137813258.18400002	137813283.184
139626009.18400002	139626034.184
140315585.184	140315610.18400002
141705666.18400002	141705691.184
141797294.18400002	141797319.184
142133725.18400002	142133750.184
143868515.18400002	143868535.18400002
145940987.184	145941011.18400002
150170333.18400002	150170357.184
150346493.184	150346514.184
152066907.184	152066928.184
155089165.18400002	155089190.184
155438221.18400002	155438246.184
156050028.18400002	156050052.184
157088267.18400002	157088288.18400002
157256041.184	157256066.18400002
159757398.18400002	159757422.184
164434024.18400002	164434049.184
165456325.18400002	165456350.184
168929832.18400002	168929856.184
169191260.184	169191284.184
169355351.18400002	169355375.184
169440945.184	169440966.18400002
169613005.18400002	169613029.184
169696940.18400002	169696965.184
169789232.184	169789253.184
170918740.18400002	170918764.184
171850687.18400002	171850711.184
172382919.184	172382943.18400002
172895970.184	172895995.18400002
173507164.184	173507188.18400002
174013573.184	174013597.18400002
174961805.184	174961829.184
175400863.184	175400887.184
180670543.184	180670564.184
180941115.184	180941139.184
181105112.18400002	181105136.18400002
182393507.18400002	182393531.18400002
186895408.184	186895432.184
187939358.184	187939379.184
188277028.18400002	188277052.18400002
188283974.18400002	188283998.18400002
188445013.184	188445379.18400002
190344685.184	190344710.18400002
194240328.184	194240349.184
194317604.18400002	194317625.18400002
195267014.18400002	195267038.184
195610736.184	195610757.184
197177023.18400002	197177047.18400002
198812910.184	198812931.184
200034598.18400002	200034619.18400002
200209180.18400002	200209205.18400002
200450907.18400002	200450928.18400002
202528672.184	202528697.18400002
204176726.184	204177097.184
204351833.18400002	204351857.18400002
204601607.18400002	204601628.18400002
205032780.184	205032804.184
206243278.184	206243302.18400002
206687096.18400002	206687121.18400002
210048411.184	210048435.18400002
210302312.184	210302333.184
210482112.184	210482133.184
210741030.18400002	210741055.184
213601203.18400002	213601224.18400002
217561572.184	217561593.184
219557585.18400002	219557610.184
222913135.184	222913156.184
223536878.184	223536902.18400002
223701095.184	223701116.184
225263380.18400002	225263401.184
228628688.18400002	228628712.18400002
230091103.184	230091127.184
230176844.18400002	230176864.18400002
230430717.18400002	230430741.18400002
231038460.18400002	231038481.18400002
231476913.18400002	231476934.18400002
232417951.184	232417976.18400002
232856047.184	232856068.184
233036468.184	233036489.184
233455621.184	233455642.184
233888463.18400002	233888487.18400002
234064758.18400002	234064778.18400002
238997653.184	238998019.18400002
239515001.184	239515026.18400002
239934723.18400002	239934748.184
241334567.18400002	241335329.18400002
241580808.18400002	241580833.184
243486670.18400002	243486691.18400002
244610042.184	244610063.18400002
245208553.18400002	245208578.18400002
245215623.18400002	245215648.184
247111893.18400002	247111917.18400002
247204506.18400002	247204531.18400002
247364474.184	247364494.184
247456579.18400002	247456604.18400002
250911024.184	250911048.184
251096153.184	251096178.18400002
251251420.184	251251441.184
251436534.184	251436558.18400002
253858154.184	253858179.18400002
254546599.18400002	254546624.18400002
255331332.18400002	255331353.18400002
255919960.184	255920330.18400002
256358519.18400002	256358543.18400002
258525614.184	258525638.184
258685469.18400002	258685493.184
259558861.184	259558885.184
260414124.18400002	260414149.184
260508561.18400002	260508585.184
260600888.184	260600912.18400002
260761564.18400002	260761585.18400002
261896083.18400002	261896104.18400002
262231046.18400002	262231067.184
262846406.18400002	262846430.184
263095213.184	263095237.18400002
264989906.18400002	264989931.184
265781664.18400002	265782034.18400002
268625002.184	268625026.184
268809865.184	268809889.184
270105659.184	270105684.18399996
270610330.184	270610354.184
271311258.184	271311628.184
272782276.184	272782297.18399996
273734310.184	273734334.184
273986201.184	273986571.184
274161496.184	274161517.184
278048648.18399996	278048669.184
283149363.184	283149387.184
283325134.184	283325158.184
284695007.184	284695031.184
285738794.184	285738818.184
287716828.184	287716852.18399996
288154875.184	288154899.184
289615780.184	289615804.18399996
289872575.184	289872942.184
290236675.184	290236700.184
290660508.184	290660529.184
293000820.184	293000844.184
293605463.184	293605487.184
297484402.184	297484772.184
300770734.184	300770755.18399996
303610124.18399996	303610145.184
303708671.184	303709037.184
304391725.184	304391749.184
305269730.18399996	305269751.184
305444425.184	305444449.184
305524747.184	305524768.184
305770088.184	305770109.184
305951597.184	305951618.18399996
306031068.184	306031089.18399996
306209876.184	306209900.184
306300336.18399996	306300361.184
306993508.184	306993532.184
307164603.184	307164627.184
308545707.184	308545731.184
311051473.184	311051497.184
315111666.18399996	315111686.18399996
316934457.184	316934481.184
317450368.184	317450392.184
321845715.184	321845736.184
325296065.184	325296086.18399996
326171775.184	326171799.18399996
326956312.184	326956682.184
327291338.184	327291363.184
328167201.184	328167225.184
330913907.184	330913931.184
331174351.184	331174371.184
331434949.184	331434969.184
334040216.18399996	334040240.184
338084296.184	338084320.18399996
338264308.184	338264329.184
338524289.184	338524313.184
338698510.18399996	338698531.184
338953369.184	338953393.184
339127214.18399996	339127238.184
339830718.184	339830742.18399996
340089493.184	340089517.184
346032562.18399996	346032931.184
346387251.184	346387276.18399996
346639859.184	346639883.18399996
346828781.184	346828804.18399996
348106620.18399996	348106644.184
348540310.184	348540330.184
348555190.184	348555214.184
348803046.184	348803071.184
350964989.184	350965009.184
353128533.184	353128557.184
353732130.18399996	353732151.184
356756945.18399996	356756969.184
359869981.184	359870005.18399996
367734424.184	367734445.184
369032104.18399996	369032127.184
370242551.184	370242575.18399996
370665009.18399996	370665029.184
370934416.18399996	370934439.184
371613518.184	371613542.18399996
372489008.18399996	372489029.184
372747950.184	372747974.18399996
374035223.184	374035244.18399996
374721506.184	374721527.184
374907907.184	374907931.18399996
375066799.18399996	375066823.184
375244408.18399996	375244773.184
376892825.184	376892845.184
377060341.184	377060365.184
377325390.18399996	377325414.184
377751547.18399996	377751571.184
377835314.184	377835337.18399996
377933789.184	377933809.184
378087377.184	378087401.184
378189767.184	378189788.18399996
380680557.184	380680577.18399996
381369729.184	381369753.18399996
381464085.184	381464105.184
381646384.18399996	381646407.184
381889975.18399996	381889996.184
382508610.184	382508634.18399996
384920330.18399996	384920353.184
385014476.18399996	385014497.184
385517008.184	385517032.18399996
386300091.184	386300111.18399996
386391403.184	386391427.184
386481551.184	386481575.184
388205869.18399996	388205889.184
388895444.18399996	388895464.184
393304099.184	393304120.184
395194894.184	395194914.184
397283164.184	397283184.184
397534623.184	397534644.184
397975361.184	397975385.18399996
398145283.18399996	398145306.184
398650141.184	398650162.184
402714950.184	402714971.184
405653710.18399996	405653734.184
405747522.184	405747542.184
406263677.18399996	406263701.184
406444937.184	406444960.184
406529511.184	406529531.184
406772272.184	406772296.184
407396029.184	407396052.184
409366767.18399996	409366791.184
410059806.184	410059826.18399996
414290814.18399996	414290834.184
415515835.184	415515856.18399996
415757076.18399996	415757100.184
416028371.184	416028391.184
416544346.184	416544370.184
416628028.184	416628049.184
419055077.18399996	419055101.184
420255951.18399996	420255975.184
421033618.184	421033642.184
421286563.184	421286587.18399996
423973913.184	423973933.184
424064720.184	424064740.184
424916245.184	424916269.18399996
425351776.184	425351797.18399996
425523853.184	425523877.184
425788971.184	425788995.18399996
426212148.18399996	426212173.184
436759066.18399996	436759086.184
437187966.18399996	437187991.184
441262392.184	441262416.18399996
442466867.184	442466891.184
445748079.18399996	445748103.184
448423178.18399996	448423198.184
450234856.184	450234876.18399996
450764497.184	450764521.18399996
451875059.184	451875083.18399996
451961339.184	451961362.184
451972473.184	451972493.18399996
455260270.184	455260295.18399996
455507031.18399996	455507055.184
456989176.184	456989541.184
457761120.184	457761144.184
460427688.184	460427709.184
470467129.18399996	470467153.184
470968705.184	470969072.184
476671921.184	476671945.184
478919656.184	478919677.18399996
479272583.18399996	479272603.184
479618175.184	479618195.184
479694190.184	479694211.184
480043049.184	480043074.18399996
481342460.184	481342480.184
483159654.184	483159678.184
487482840.184	487482865.184
487733753.18399996	487734123.184
487904818.184	487905188.184
489036582.18399996	489036606.184
489805221.184	489805245.18399996
490238145.184	490238169.184
491374156.184	491374176.184
491538571.18399996	491538595.184
493790230.184	493790254.184
494397430.18399996	494397451.184
494558358.18399996	494558379.184
495260767.184	495260792.18399996
496984397.184	496984420.18399996
498546523.184	498546544.184
498802953.18399996	498802977.184
498974196.184	498974220.184
500435814.18399996	500435835.184
502763561.184	502763585.184
504152726.18399996	504152746.184
504408514.18399996	504408538.184
504590967.18399996	504590991.184
504845179.184	504845203.18399996
505100550.18399996	505100570.184
507790147.18399996	507790167.184
509513069.184	509513093.184
510384360.184	510384385.184
510538636.184	510538660.18399996
512365979.184	512365999.184
512611410.184	512611433.18399996
512788691.184	512788711.18399996
513144367.18399996	513144391.184
513230905.184	513230929.184
514783462.18399996	514783485.184
514787125.184	514787149.18399996
515739932.18399996	515739953.184
519884524.184	519884544.184
520141038.184	520141061.18399996
521439666.184	521439690.184
521691218.18399996	521691242.184
528347733.184	528347757.184
534478634.184	534478658.184
534661752.184	534661776.18399996
541829189.184	541829210.184
542001223.184	542001246.184
542257236.184	542257260.184
542698378.184	542698401.184
547956048.184	547956068.184
548225848.184	548226214.184
552187129.184	552187153.184
561438623.184	561438647.184
563766282.184	563766306.184
564632358.184	564632727.184
564722582.184	564722602.184
566784275.184	566784295.184
567476451.184	567476471.184
568357636.184	568357663.184
568602230.184	568601949.184
575604743.184	575604767.184
575786110.184	575786130.184
576634181.184	576634550.184
581741819.184	581741839.184
583646161.184	583646181.184
584508536.184	584508556.184
585969458.184	585969482.184
589858955.184	589858978.184
592965948.184	592965968.184
595661992.184	595662015.184
595815617.184	595815637.184
595911427.184	595911447.184
596423731.184	596423754.184
598761593.184	598761616.184
599015210.184	599015230.184
599366556.184	599366580.184
599882224.184	599882664.184
600998469.184	600998469.184
601272357.184	601272357.184
602389052.184	602389072.184
602644755.184	602644778.184
602833065.184	602833089.184
602907100.184	602907124.184
603003960.184	603003980.184
603090476.184	603090499.184
603521844.184	603522213.184
604637881.184	604637905.184
605065831.184	605066200.184
605078373.184	605078393.184
605844032.184	605844053.184
606022242.184	606022266.184
607656102.184	607656472.184
611289196.184	611289220.184
611539368.184	611539391.184
611645621.184	611645645.184
612666971.184	612666991.184
612846745.184	612846769.184
614566070.184	614566090.184
615100213.184	615100237.184
615264020.184	615264044.184
618199044.184	618199068.184
618547554.184	618547574.184
620525812.184	620525832.184
627102856.184	627102876.184
627193302.184	627193326.184
628839153.184	628839176.184
629085411.184	629085435.184
629344948.184	629344972.184
629427573.184	629427596.184
629861420.184	629861443.184
630646910.184	630646933.184
630908433.184	630908456.184
630988345.184	630988368.184
632727444.184	632727464.184
632809221.184	632809221.184
632971230.184	632971250.184
632981238.184	632981261.184
633917942.184	633917962.184
633926623.184	633926649.184
634005172.184	634005196.184
634187655.184	634187672.184
634364589.184	634364613.184
634537597.184	634537620.184
634617128.184	634617151.184
634695386.184	634695406.184
634792248.184	634792268.184
635646072.184	635646096.184
635914905.184	635914929.184
635995070.184	635995094.184
636083171.184	636083195.184
636169606.184	636169629.184
636253240.184	636253264.184
636356140.184	636356160.184
638503063.184	638503086.184
642905297.184	642905321.184
645421065.184	645421086.184
645581777.184	645581797.184
645670177.184	645670200.184
646275767.184	646275787.184
647844769.184	647844793.184
648711150.184	648711170.184
649139818.184	649139841.184
650076401.184	650076421.184
650953732.184	650954097.184
651032994.184	651033014.184
653187717.184	653187741.184
653363913.184	653363936.184
657259612.184	657259636.184
657512194.184	657512217.184
659073417.184	659073440.184
659325754.184	659325774.184
659671226.184	659671249.184
660018674.184	660018697.184
665212722.184	665212742.184
665293428.184	665293448.184
665637914.184	665637934.184
665714138.184	665714161.184
665725048.184	665725068.184
665888663.184	665888683.184
665983425.184	665983446.184
666071513.184	666071537.184
669785936.184	669785959.184
675302868.184	675302888.184
